1667113959.005657, 0
1667113959.024594, 0
1667113959.036640, 2
1667113959.049746, 0
1667113959.063049, 3
1667113959.076548, 2
1667113959.090752, 5
1667113959.104792, 9
1667113959.119816, 13
1667113959.133945, 17
1667113959.146522, 19
1667113959.158626, 19
1667113959.170567, 24
1667113959.182920, 26
1667113959.194814, 31
1667113959.206474, 34
1667113959.218108, 36
1667113959.229831, 41
1667113959.243540, 44
1667113959.257142, 46
1667113959.270706, 50
1667113959.283844, 55
1667113959.297516, 59
1667113959.311658, 63
1667113959.326144, 65
1667113959.339783, 70
1667113959.354424, 76
1667113959.367552, 80
1667113959.381723, 84
1667113959.396225, 88
1667113959.410359, 90
1667113959.423167, 95
1667113959.435243, 98
1667113959.446812, 99
1667113959.458590, 99
1667113959.470426, 100
1667113959.482161, 100
1667113959.494981, 99
1667113959.507439, 100
1667113959.520628, 100
1667113959.534823, 100
1667113959.549093, 100
1667113959.563892, 100
1667113959.578516, 100
1667113959.592112, 99
1667113959.605486, 99
1667113959.620374, 99
1667113959.634000, 100
1667113959.648124, 100
1667113959.661931, 100
1667113959.676372, 100
1667113959.691001, 100
1667113959.704244, 100
1667113959.717025, 99
1667113959.729410, 100
1667113959.741363, 100
1667113959.753113, 99
1667113959.764632, 100
1667113959.776102, 100
1667113959.787760, 99
1667113959.801388, 100
1667113959.815600, 100
1667113959.829651, 99
1667113959.844190, 100
1667113959.858487, 100
1667113959.873489, 100
1667113959.886567, 99
1667113959.900202, 99
1667113959.914312, 100
1667113959.927462, 100
1667113959.941606, 100
1667113959.955620, 100
1667113959.968841, 100
1667113959.980597, 100
1667113959.992302, 100
1667113960.005050, 100
1667113960.016654, 99
1667113960.028187, 100
1667113960.039813, 99
1667113960.051530, 100
1667113960.065187, 99
1667113960.078324, 99
1667113960.091947, 100
1667113960.105081, 100
1667113960.119170, 100
1667113960.132490, 100
1667113960.146982, 100
1667113960.158727, 100
1667113960.170548, 100
1667113960.182614, 100
1667113960.194172, 100
1667113960.206108, 99
1667113960.218085, 99
1667113960.231252, 99
1667113960.245315, 100
1667113960.258012, 100
1667113960.272595, 100
1667113960.286723, 100
1667113960.300845, 100
1667113960.314960, 100
1667113960.329077, 100
1667113960.343653, 99
1667113960.360579, 98
1667113960.376720, 99
1667113960.388533, 100
1667113960.400235, 99
1667113960.412009, 98
1667113960.424471, 98
1667113960.436098, 99
1667113960.447607, 98
1667113960.459452, 98
1667113960.473124, 99
1667113960.486254, 98
1667113960.500351, 99
1667113960.513498, 98
1667113960.527624, 97
1667113960.541213, 98
1667113960.554839, 99
1667113960.567534, 100
1667113960.581646, 100
1667113960.595693, 100
1667113960.609867, 100
1667113960.623928, 100
1667113960.637569, 99
1667113960.651705, 100
1667113960.665800, 99
1667113960.680406, 99
1667113960.694054, 98
1667113960.707650, 98
1667113960.721310, 96
1667113960.734909, 95
1667113960.749502, 96
1667113960.764887, 97
1667113960.779714, 97
1667113960.795262, 96
1667113960.809832, 98
1667113960.823966, 98
1667113960.838067, 98
1667113960.852672, 97
1667113960.866315, 96
1667113960.880954, 97
1667113960.894525, 99
1667113960.909170, 98
1667113960.922745, 97
1667113960.936403, 99
1667113960.950031, 98
1667113960.963642, 99
1667113960.976075, 98
1667113960.988231, 100
1667113961.000179, 100
1667113961.012322, 100
1667113961.023963, 99
1667113961.035532, 100
1667113961.047915, 96
1667113961.060017, 95
1667113961.073602, 95
1667113961.086128, 92
1667113961.100022, 93
1667113961.112570, 93
1667113961.124382, 91
1667113961.136643, 89
1667113961.149350, 89
1667113961.162001, 87
1667113961.176825, 85
1667113961.192792, 86
1667113961.207131, 84
1667113961.222814, 82
1667113961.237160, 82
1667113961.253244, 82
1667113961.267296, 80
1667113961.281887, 78
1667113961.296583, 77
1667113961.312128, 75
1667113961.327658, 73
1667113961.341291, 72
1667113961.355875, 71
1667113961.371437, 69
1667113961.386036, 62
1667113961.399698, 58
1667113961.413322, 54
1667113961.426954, 48
1667113961.445403, 43
1667113961.459575, 38
1667113961.475561, 38
1667113961.492132, 39
1667113961.507707, 37
1667113961.524229, 36
1667113961.541789, 36
1667113961.557438, 36
1667113961.571974, 36
1667113961.584676, 37
1667113961.598668, 36
1667113961.611874, 37
1667113961.625975, 37
1667113961.640648, 36
1667113961.653172, 38
1667113961.665173, 37
1667113961.677104, 37
1667113961.688929, 37
1667113961.700838, 36
1667113961.712596, 37
1667113961.724308, 37
1667113961.738351, 36
1667113961.752998, 37
1667113961.767142, 38
1667113961.781256, 37
1667113961.795487, 37
1667113961.808198, 37
1667113961.828897, 37
1667113961.843456, 37
1667113961.856456, 37
1667113961.872184, 36
1667113961.884080, 37
1667113961.895862, 37
1667113961.908362, 38
1667113961.922342, 36
1667113961.937883, 37
1667113961.954482, 38
1667113961.967085, 37
1667113961.980468, 37
1667113961.997183, 36
1667113962.012125, 36
1667113962.024988, 38
1667113962.037232, 36
1667113962.049826, 36
1667113962.062504, 36
1667113962.074419, 36
1667113962.086525, 37
1667113962.098470, 37
1667113962.113133, 36
1667113962.128267, 36
1667113962.142793, 37
1667113962.157853, 35
1667113962.173508, 36
1667113962.186092, 37
1667113962.199755, 36
1667113962.213354, 37
1667113962.226960, 36
1667113962.240616, 36
1667113962.254210, 37
1667113962.267377, 37
1667113962.281507, 37
1667113962.295104, 37
1667113962.308709, 38
1667113962.321883, 37
1667113962.335189, 37
1667113962.348726, 37
1667113962.361334, 39
1667113962.374003, 38
1667113962.386688, 37
1667113962.399279, 37
1667113962.411090, 38
1667113962.423039, 38
1667113962.435057, 38
1667113962.446605, 39
1667113962.460156, 39
1667113962.473772, 38
1667113962.487867, 38
1667113962.501588, 37
1667113962.515203, 39
1667113962.529708, 40
1667113962.544399, 38
1667113962.557928, 40
1667113962.571104, 40
1667113962.584415, 40
1667113962.599016, 40
1667113962.613656, 40
1667113962.627286, 39
1667113962.654851, 39
1667113962.668189, 38
1667113962.683773, 39
1667113962.696451, 38
1667113962.712926, 38
1667113962.724672, 38
1667113962.737242, 39
1667113962.752923, 38
1667113962.770295, 37
1667113962.788806, 39
1667113962.806336, 39
1667113962.820948, 39
1667113962.835514, 38
1667113962.851720, 38
1667113962.867036, 39
1667113962.881474, 38
1667113962.899821, 40
1667113962.920981, 40
1667113962.938716, 39
1667113962.954954, 39
1667113962.967659, 40
1667113962.980584, 38
1667113962.999507, 39
1667113963.012451, 40
1667113963.030162, 40
1667113963.044957, 41
1667113963.058416, 41
1667113963.071631, 41
1667113963.083874, 41
1667113963.099145, 40
1667113963.115907, 41
1667113963.129512, 41
1667113963.145149, 41
1667113963.156869, 41
1667113963.177183, 41
1667113963.189843, 41
1667113963.208449, 40
1667113963.221731, 41
1667113963.236588, 41
1667113963.252379, 41
1667113963.268669, 41
1667113963.280544, 41
1667113963.295896, 42
1667113963.309536, 42
1667113963.322359, 41
1667113963.337809, 41
1667113963.350586, 41
1667113963.366037, 41
1667113963.378078, 42
1667113963.394199, 43
1667113963.406949, 43
1667113963.421473, 44
1667113963.437037, 42
1667113963.449703, 42
1667113963.464364, 42
1667113963.478911, 42
1667113963.491552, 42
1667113963.506141, 42
1667113963.520727, 41
1667113963.532989, 42
1667113963.548005, 41
1667113963.562421, 41
1667113963.575473, 42
1667113963.591906, 42
1667113963.605805, 42
1667113963.623901, 42
1667113963.635599, 41
1667113963.654076, 44
1667113963.666938, 42
1667113963.680359, 43
1667113963.697783, 42
1667113963.710512, 44
1667113963.728013, 45
1667113963.747900, 44
1667113963.762225, 43
1667113963.778119, 43
1667113963.795748, 43
1667113963.808866, 45
1667113963.824454, 44
1667113963.837115, 45
1667113963.851016, 45
1667113963.867558, 45
1667113963.882269, 45
1667113963.903566, 45
1667113963.918718, 45
1667113963.936305, 46
1667113963.954970, 46
1667113963.975519, 46
1667113963.992823, 45
1667113964.007042, 45
1667113964.026815, 46
1667113964.038528, 45
1667113964.050188, 45
1667113964.066205, 46
1667113964.079392, 45
1667113964.095824, 46
1667113964.112499, 46
1667113964.127242, 47
1667113964.140816, 46
1667113964.154354, 47
1667113964.168014, 46
1667113964.183694, 48
1667113964.198141, 46
1667113964.211574, 46
1667113964.226414, 46
1667113964.240975, 47
1667113964.254162, 46
1667113964.268205, 47
1667113964.281917, 47
1667113964.295480, 46
1667113964.310646, 47
1667113964.323218, 47
1667113964.335058, 46
1667113964.346929, 47
1667113964.358711, 48
1667113964.370475, 48
1667113964.382317, 49
1667113964.394753, 49
1667113964.407907, 48
1667113964.421620, 50
1667113964.435168, 49
1667113964.449358, 49
1667113964.462868, 48
1667113964.477735, 48
1667113964.492092, 49
1667113964.507710, 49
1667113964.521847, 48
1667113964.536514, 49
1667113964.550975, 49
1667113964.565743, 49
1667113964.580648, 49
1667113964.595225, 49
1667113964.610358, 49
1667113964.625429, 50
1667113964.640028, 48
1667113964.655145, 50
1667113964.669189, 50
1667113964.684338, 49
1667113964.698940, 49
1667113964.713056, 48
1667113964.727145, 49
1667113964.739923, 48
1667113964.753144, 49
1667113964.765292, 49
1667113964.777145, 49
1667113964.789552, 50
1667113964.801493, 49
1667113964.813213, 50
1667113964.824998, 50
1667113964.838106, 49
1667113964.853182, 48
1667113964.867302, 49
1667113964.882076, 49
1667113964.896971, 49
1667113964.914050, 50
1667113964.928111, 50
1667113964.943231, 50
1667113964.957850, 49
1667113964.972515, 49
1667113964.987730, 48
1667113965.002070, 50
1667113965.016500, 49
1667113965.030353, 49
1667113965.042957, 49
1667113965.054932, 50
1667113965.067524, 50
1667113965.079458, 50
1667113965.091740, 50
1667113965.103832, 51
1667113965.117447, 51
1667113965.131081, 50
1667113965.145682, 51
1667113965.160617, 50
1667113965.175337, 51
1667113965.189811, 51
1667113965.205549, 51
1667113965.220997, 50
1667113965.235010, 50
1667113965.250483, 49
1667113965.265221, 51
1667113965.279449, 51
1667113965.294137, 50
1667113965.308666, 50
1667113965.324251, 51
1667113965.337865, 50
1667113965.351052, 51
1667113965.365143, 50
1667113965.378729, 51
1667113965.392455, 50
1667113965.405543, 51
1667113965.419628, 51
1667113965.433235, 51
1667113965.446874, 51
1667113965.460046, 52
1667113965.474623, 52
1667113965.488716, 51
1667113965.503332, 50
1667113965.517941, 50
1667113965.532519, 51
1667113965.549090, 51
1667113965.563778, 51
1667113965.577309, 52
1667113965.592506, 51
1667113965.606054, 51
1667113965.622855, 51
1667113965.637653, 50
1667113965.650958, 51
1667113965.663178, 51
1667113965.675668, 53
1667113965.690228, 53
1667113965.702077, 51
1667113965.713819, 53
1667113965.726103, 53
1667113965.737881, 52
1667113965.752051, 53
1667113965.766826, 52
1667113965.784286, 52
1667113965.798219, 52
1667113965.812886, 52
1667113965.827428, 51
1667113965.842293, 50
1667113965.856957, 51
1667113965.870582, 52
1667113965.885087, 51
1667113965.898686, 51
1667113965.913312, 50
1667113965.925854, 52
1667113965.938122, 51
1667113965.950038, 52
1667113965.962047, 52
1667113965.973762, 52
1667113965.985338, 53
1667113965.997467, 52
1667113966.010482, 51
1667113966.024514, 53
1667113966.036176, 52
1667113966.047701, 53
1667113966.059762, 53
1667113966.071790, 52
1667113966.083961, 52
1667113966.097286, 52
1667113966.112925, 52
1667113966.132609, 52
1667113966.144431, 53
1667113966.156743, 53
1667113966.168727, 53
1667113966.191771, 53
1667113966.203771, 52
1667113966.217058, 52
1667113966.229275, 52
1667113966.243770, 54
1667113966.256969, 53
1667113966.270549, 53
1667113966.287042, 53
1667113966.303479, 53
1667113966.321255, 53
1667113966.333005, 53
1667113966.344702, 53
1667113966.357423, 54
1667113966.371131, 54
1667113966.383509, 54
1667113966.397030, 54
1667113966.409867, 53
1667113966.424301, 53
1667113966.437988, 53
1667113966.452554, 53
1667113966.466654, 54
1667113966.480737, 55
1667113966.495381, 53
1667113966.509566, 53
1667113966.524540, 54
1667113966.538161, 53
1667113966.551356, 54
1667113966.564469, 54
1667113966.580652, 55
1667113966.596618, 53
1667113966.612188, 54
1667113966.626748, 55
1667113966.641385, 55
1667113966.655463, 55
1667113966.669641, 54
1667113966.683898, 54
1667113966.697855, 54
1667113966.711896, 54
1667113966.725995, 54
1667113966.740644, 56
1667113966.754226, 54
1667113966.766689, 55
1667113966.778699, 54
1667113966.790671, 55
1667113966.802977, 55
1667113966.814607, 54
1667113966.826411, 54
1667113966.838324, 55
1667113966.853009, 56
1667113966.868172, 55
1667113966.881061, 56
1667113966.892728, 56
1667113966.904783, 56
1667113966.916459, 55
1667113966.927872, 54
1667113966.940124, 55
1667113966.952332, 55
1667113966.965528, 55
1667113966.980015, 54
1667113966.994892, 55
1667113967.007295, 55
1667113967.020935, 55
1667113967.034540, 56
1667113967.047239, 55
1667113967.061391, 56
1667113967.075314, 56
1667113967.090026, 55
1667113967.112429, 55
1667113967.125721, 56
1667113967.139658, 55
1667113967.152446, 55
1667113967.166622, 57
1667113967.179108, 57
1667113967.193699, 56
1667113967.210697, 57
1667113967.226341, 56
1667113967.239901, 56
1667113967.253483, 55
1667113967.267210, 56
1667113967.281972, 57
1667113967.295084, 56
1667113967.309170, 55
1667113967.322792, 56
1667113967.337864, 57
1667113967.352011, 57
1667113967.366131, 57
1667113967.380209, 58
1667113967.394847, 57
1667113967.408433, 56
1667113967.422211, 57
1667113967.435697, 58
1667113967.449350, 57
1667113967.462518, 57
1667113967.476100, 58
1667113967.489238, 58
1667113967.503829, 57
1667113967.516593, 57
1667113967.528434, 56
1667113967.540238, 57
1667113967.552529, 58
1667113967.564447, 57
1667113967.576286, 57
1667113967.587831, 57
1667113967.600193, 58
1667113967.613794, 58
1667113967.627428, 57
1667113967.641069, 57
1667113967.653708, 59
1667113967.667336, 58
1667113967.680452, 58
1667113967.692376, 58
1667113967.704400, 59
1667113967.716142, 58
1667113967.730956, 58
1667113967.743072, 58
1667113967.754796, 59
1667113967.766362, 59
1667113967.777898, 59
1667113967.790114, 59
1667113967.802629, 59
1667113967.815569, 58
1667113967.829397, 58
1667113967.844782, 58
1667113967.859092, 58
1667113967.873674, 59
1667113967.886844, 59
1667113967.900554, 58
1667113967.914552, 59
1667113967.928188, 58
1667113967.943514, 59
1667113967.955457, 59
1667113967.969064, 60
1667113967.985015, 59
1667113968.005081, 58
1667113968.017777, 58
1667113968.030376, 58
1667113968.043099, 59
1667113968.055347, 58
1667113968.070048, 58
1667113968.083305, 59
1667113968.096612, 60
1667113968.111171, 59
1667113968.130636, 59
1667113968.147719, 59
1667113968.161769, 60
1667113968.175046, 60
1667113968.189510, 60
1667113968.202082, 60
1667113968.214420, 60
1667113968.226551, 59
1667113968.238770, 60
1667113968.253582, 60
1667113968.268946, 60
1667113968.283440, 60
1667113968.296664, 61
1667113968.310569, 60
1667113968.325468, 59
1667113968.340394, 60
1667113968.355100, 61
1667113968.369763, 61
1667113968.385052, 60
1667113968.399281, 59
1667113968.414376, 61
1667113968.428296, 61
1667113968.442238, 61
1667113968.454753, 60
1667113968.466609, 61
1667113968.479271, 61
1667113968.491246, 61
1667113968.503151, 61
1667113968.515076, 61
1667113968.526764, 60
1667113968.541398, 60
1667113968.554992, 60
1667113968.568650, 61
1667113968.582243, 60
1667113968.595911, 60
1667113968.610499, 60
1667113968.625531, 61
1667113968.640781, 62
1667113968.656216, 60
1667113968.671092, 62
1667113968.686400, 62
1667113968.700492, 62
1667113968.715225, 60
1667113968.729695, 61
1667113968.744326, 61
1667113968.758405, 62
1667113968.772028, 60
1667113968.786671, 61
1667113968.801753, 62
1667113968.813876, 61
1667113968.827985, 61
1667113968.843093, 62
1667113968.856090, 62
1667113968.868867, 62
1667113968.880670, 61
1667113968.892856, 63
1667113968.905017, 62
1667113968.917064, 63
1667113968.929723, 61
1667113968.944306, 61
1667113968.956849, 62
1667113968.968667, 63
1667113968.982339, 62
1667113968.994149, 63
1667113969.005990, 62
1667113969.018169, 63
1667113969.032849, 63
1667113969.045257, 62
1667113969.059656, 63
1667113969.077201, 63
1667113969.092395, 62
1667113969.106855, 63
1667113969.121480, 62
1667113969.135650, 62
1667113969.150272, 62
1667113969.165983, 62
1667113969.180683, 63
1667113969.193281, 64
1667113969.205875, 63
1667113969.218274, 63
1667113969.230619, 64
1667113969.242517, 63
1667113969.254954, 64
1667113969.266568, 63
1667113969.278134, 64
1667113969.292140, 64
1667113969.306283, 64
1667113969.321950, 62
1667113969.335609, 63
1667113969.349982, 62
1667113969.364295, 62
1667113969.378372, 63
1667113969.392052, 64
1667113969.406614, 64
1667113969.422207, 63
1667113969.436251, 64
1667113969.450418, 65
1667113969.463247, 64
1667113969.474895, 65
1667113969.486603, 64
1667113969.498470, 64
1667113969.510214, 64
1667113969.524375, 63
1667113969.536328, 62
1667113969.548376, 64
1667113969.560107, 65
1667113969.572173, 64
1667113969.585709, 63
1667113969.605232, 64
1667113969.619290, 63
1667113969.631277, 62
1667113969.643104, 63
1667113969.655038, 65
1667113969.666751, 65
1667113969.679145, 65
1667113969.693721, 64
1667113969.708327, 64
1667113969.726826, 65
1667113969.738485, 64
1667113969.753195, 63
1667113969.767690, 64
1667113969.781331, 64
1667113969.794962, 64
1667113969.808571, 65
1667113969.826174, 64
1667113969.838459, 64
1667113969.851259, 65
1667113969.863579, 66
1667113969.877688, 66
1667113969.892863, 67
1667113969.907655, 66
1667113969.922701, 66
1667113969.937094, 67
1667113969.951674, 67
1667113969.966259, 66
1667113969.981837, 66
1667113969.995985, 66
1667113970.010567, 66
1667113970.026161, 65
1667113970.040773, 66
1667113970.055345, 66
1667113970.069440, 66
1667113970.084024, 65
1667113970.099583, 65
1667113970.114786, 66
1667113970.126613, 66
1667113970.140608, 67
1667113970.155079, 67
1667113970.169673, 67
1667113970.183835, 66
1667113970.197539, 66
1667113970.212536, 67
1667113970.227105, 68
1667113970.241881, 67
1667113970.256101, 68
1667113970.268717, 67
1667113970.281063, 66
1667113970.292918, 66
1667113970.304730, 66
1667113970.316333, 66
1667113970.327848, 67
1667113970.340425, 67
1667113970.352481, 67
1667113970.366128, 66
1667113970.381084, 66
1667113970.395629, 67
1667113970.410045, 67
1667113970.424387, 67
1667113970.438447, 68
1667113970.452129, 68
1667113970.466794, 68
1667113970.481365, 67
1667113970.494921, 67
1667113970.508184, 67
1667113970.522174, 68
1667113970.535599, 66
1667113970.550395, 66
1667113970.564036, 66
1667113970.578670, 67
1667113970.592291, 68
1667113970.605907, 68
1667113970.619484, 67
1667113970.633150, 66
1667113970.646329, 68
1667113970.659942, 68
1667113970.673172, 68
1667113970.687155, 68
1667113970.699743, 69
1667113970.711927, 68
1667113970.723693, 69
1667113970.735444, 69
1667113970.747146, 69
1667113970.758752, 68
1667113970.770330, 68
1667113970.782089, 67
1667113970.795665, 69
1667113970.809326, 68
1667113970.822915, 68
1667113970.835577, 67
1667113970.849043, 68
1667113970.863816, 67
1667113970.877971, 68
1667113970.892616, 68
1667113970.906626, 68
1667113970.921249, 68
1667113970.934859, 69
1667113970.949440, 69
1667113970.963091, 69
1667113970.976728, 70
1667113970.989923, 69
1667113971.003984, 69
1667113971.017605, 69
1667113971.031203, 70
1667113971.044390, 69
1667113971.057807, 69
1667113971.071638, 69
1667113971.085383, 69
1667113971.099345, 69
1667113971.113486, 69
1667113971.125959, 68
1667113971.137548, 68
1667113971.149242, 68
1667113971.160870, 69
1667113971.172550, 69
1667113971.184297, 69
1667113971.196770, 68
1667113971.209327, 68
1667113971.223525, 70
1667113971.237262, 69
1667113971.252164, 69
1667113971.265822, 70
1667113971.278987, 70
1667113971.293311, 71
1667113971.307624, 71
1667113971.321286, 71
1667113971.333972, 70
1667113971.345687, 70
1667113971.357407, 70
1667113971.369287, 71
1667113971.380989, 70
1667113971.392575, 70
1667113971.404710, 69
1667113971.417279, 69
1667113971.432204, 69
1667113971.445923, 68
1667113971.459997, 69
1667113971.474060, 69
1667113971.486759, 70
1667113971.498366, 71
1667113971.510083, 71
1667113971.521798, 70
1667113971.533364, 70
1667113971.545198, 71
1667113971.557282, 71
1667113971.571369, 71
1667113971.584582, 70
1667113971.598657, 72
1667113971.611815, 71
1667113971.625881, 71
1667113971.639529, 70
1667113971.653166, 71
1667113971.666800, 70
1667113971.681403, 70
1667113971.695102, 71
1667113971.709606, 70
1667113971.723219, 69
1667113971.737409, 70
1667113971.751952, 70
1667113971.766120, 69
1667113971.780158, 71
1667113971.793939, 71
1667113971.808905, 72
1667113971.822518, 71
1667113971.836131, 71
1667113971.849309, 71
1667113971.863371, 71
1667113971.877982, 72
1667113971.892152, 71
1667113971.906296, 72
1667113971.919828, 73
1667113971.933442, 73
1667113971.946709, 70
1667113971.960237, 70
1667113971.974347, 70
1667113971.987987, 71
1667113972.001591, 72
1667113972.015249, 72
1667113972.028410, 71
1667113972.042502, 72
1667113972.056133, 72
1667113972.069692, 74
1667113972.083351, 73
1667113972.096988, 73
1667113972.111870, 74
1667113972.124304, 74
1667113972.137162, 74
1667113972.151429, 73
1667113972.166347, 73
1667113972.179919, 73
1667113972.193564, 73
1667113972.207200, 72
1667113972.220848, 72
1667113972.234438, 73
1667113972.248177, 73
1667113972.261885, 72
1667113972.275299, 72
1667113972.289891, 71
1667113972.303516, 72
1667113972.317220, 72
1667113972.331269, 72
1667113972.346368, 72
1667113972.361003, 74
1667113972.375579, 73
1667113972.389757, 72
1667113972.403798, 74
1667113972.416340, 73
1667113972.428343, 73
1667113972.440333, 74
1667113972.452264, 74
1667113972.464239, 74
1667113972.479867, 73
1667113972.493785, 73
1667113972.506784, 74
1667113972.520121, 73
1667113972.532734, 72
1667113972.546886, 73
1667113972.562657, 73
1667113972.577077, 73
1667113972.593579, 73
1667113972.607493, 73
1667113972.621827, 73
1667113972.635217, 73
1667113972.650039, 74
1667113972.665103, 73
1667113972.677292, 74
1667113972.690651, 73
1667113972.705348, 74
1667113972.720228, 74
1667113972.734663, 75
1667113972.750261, 73
1667113972.764486, 74
1667113972.779503, 75
1667113972.796050, 74
1667113972.811153, 74
1667113972.825787, 73
1667113972.840853, 73
1667113972.855491, 73
1667113972.870054, 74
1667113972.884742, 74
1667113972.899728, 73
1667113972.915103, 73
1667113972.929427, 73
1667113972.942259, 75
1667113972.954485, 74
1667113972.966400, 75
1667113972.978053, 74
1667113972.989761, 74
1667113973.001280, 75
1667113973.013158, 75
1667113973.027411, 75
1667113973.039362, 75
1667113973.053516, 74
1667113973.066145, 75
1667113973.078335, 74
1667113973.090093, 75
1667113973.102691, 75
1667113973.114471, 74
1667113973.126635, 75
1667113973.139204, 74
1667113973.154209, 74
1667113973.168842, 74
1667113973.182461, 74
1667113973.196096, 74
1667113973.209722, 74
1667113973.223198, 74
1667113973.237003, 75
1667113973.250577, 74
1667113973.265212, 76
1667113973.278924, 77
1667113973.292489, 76
1667113973.306070, 75
1667113973.319791, 75
1667113973.333414, 75
1667113973.346567, 76
1667113973.360602, 76
1667113973.374722, 76
1667113973.389819, 76
1667113973.403421, 76
1667113973.417096, 75
1667113973.431475, 74
1667113973.450189, 75
1667113973.469584, 73
1667113973.483215, 74
1667113973.495395, 73
1667113973.510016, 73
1667113973.528217, 74
1667113973.541654, 76
1667113973.560480, 76
1667113973.575756, 76
1667113973.595117, 76
1667113973.613620, 76
1667113973.631140, 75
1667113973.647691, 76
1667113973.664892, 75
1667113973.681202, 75
1667113973.697950, 76
1667113973.713945, 75
1667113973.727885, 75
1667113973.743927, 74
1667113973.757303, 75
1667113973.770861, 76
1667113973.786894, 75
1667113973.802637, 76
1667113973.815665, 76
1667113973.833720, 77
1667113973.847335, 77
1667113973.861846, 77
1667113973.875473, 77
1667113973.890041, 77
1667113973.906991, 76
1667113973.922165, 76
1667113973.934823, 76
1667113973.947544, 77
1667113973.960153, 77
1667113973.972420, 76
1667113973.990296, 77
1667113974.006825, 75
1667113974.021363, 76
1667113974.038050, 76
1667113974.055482, 76
1667113974.073385, 76
1667113974.086013, 76
1667113974.102535, 76
1667113974.117498, 75
1667113974.132407, 77
1667113974.146340, 77
1667113974.159698, 77
1667113974.176266, 78
1667113974.190353, 77
1667113974.204433, 78
1667113974.218083, 77
1667113974.231696, 77
1667113974.245287, 77
1667113974.259182, 77
1667113974.272347, 77
1667113974.286409, 77
1667113974.300086, 78
1667113974.314646, 77
1667113974.334112, 76
1667113974.349366, 77
1667113974.361405, 78
1667113974.374968, 77
1667113974.388585, 77
1667113974.402278, 77
1667113974.415410, 77
1667113974.429514, 78
1667113974.443116, 77
1667113974.456752, 78
1667113974.470399, 78
1667113974.483964, 78
1667113974.498139, 78
1667113974.512220, 79
1667113974.526830, 79
1667113974.540488, 79
1667113974.554593, 79
1667113974.568669, 78
1667113974.582303, 79
1667113974.595817, 79
1667113974.609618, 78
1667113974.625161, 77
1667113974.640294, 79
1667113974.655810, 78
1667113974.669885, 77
1667113974.683512, 78
1667113974.698177, 79
1667113974.710341, 78
1667113974.723419, 78
1667113974.736538, 79
1667113974.748419, 79
1667113974.760222, 80
1667113974.772080, 79
1667113974.783625, 80
1667113974.795409, 80
1667113974.807151, 80
1667113974.821696, 81
1667113974.836962, 80
1667113974.853067, 80
1667113974.867480, 80
1667113974.880606, 79
1667113974.895183, 80
1667113974.909452, 79
1667113974.924886, 78
1667113974.940517, 79
1667113974.953078, 78
1667113974.964926, 79
1667113974.976758, 79
1667113974.989138, 80
1667113975.000872, 79
1667113975.013456, 79
1667113975.028048, 78
1667113975.042766, 80
1667113975.054967, 79
1667113975.068542, 81
1667113975.083066, 80
1667113975.097690, 80
1667113975.113894, 79
1667113975.129351, 80
1667113975.144026, 79
1667113975.158978, 81
1667113975.173628, 80
1667113975.188231, 81
1667113975.201135, 80
1667113975.214178, 80
1667113975.226009, 80
1667113975.237838, 79
1667113975.249700, 80
1667113975.262135, 79
1667113975.274868, 80
1667113975.289011, 79
1667113975.303994, 79
1667113975.319078, 79
1667113975.332727, 79
1667113975.346314, 82
1667113975.360557, 82
1667113975.375069, 81
1667113975.389724, 81
1667113975.404295, 82
1667113975.418333, 81
1667113975.433906, 81
1667113975.447552, 82
1667113975.461188, 81
1667113975.474832, 81
1667113975.488194, 80
1667113975.502059, 82
1667113975.516669, 81
1667113975.531287, 81
1667113975.545850, 81
1667113975.560211, 80
1667113975.574571, 80
1667113975.589675, 81
1667113975.603283, 81
1667113975.617414, 81
1667113975.631483, 80
1667113975.646100, 79
1667113975.660699, 81
1667113975.673857, 81
1667113975.688581, 80
1667113975.704077, 80
1667113975.720086, 82
1667113975.733705, 81
1667113975.747336, 81
1667113975.761476, 82
1667113975.774044, 83
1667113975.786302, 82
1667113975.797953, 81
1667113975.809891, 82
1667113975.822510, 81
1667113975.836020, 82
1667113975.849609, 81
1667113975.866755, 80
1667113975.879711, 81
1667113975.894311, 81
1667113975.907960, 80
1667113975.923496, 80
1667113975.937148, 81
1667113975.950740, 82
1667113975.964377, 82
1667113975.978011, 81
1667113975.991370, 82
1667113976.005248, 83
1667113976.018900, 82
1667113976.033458, 82
1667113976.047122, 82
1667113976.061696, 83
1667113976.076061, 82
1667113976.090610, 82
1667113976.105530, 83
1667113976.119105, 84
1667113976.132571, 83
1667113976.147025, 82
1667113976.161943, 81
1667113976.175587, 82
1667113976.188745, 83
1667113976.200667, 82
1667113976.212666, 82
1667113976.225040, 82
1667113976.237320, 82
1667113976.250104, 82
1667113976.262202, 82
1667113976.276376, 83
1667113976.290411, 82
1667113976.305046, 82
1667113976.318666, 82
1667113976.332272, 82
1667113976.345922, 82
1667113976.360535, 84
1667113976.373173, 83
1667113976.384935, 84
1667113976.396705, 84
1667113976.408565, 83
1667113976.420923, 83
1667113976.432538, 83
1667113976.444220, 84
1667113976.457809, 82
1667113976.471457, 83
1667113976.485093, 83
1667113976.498712, 83
1667113976.512577, 81
1667113976.525969, 83
1667113976.540613, 83
1667113976.555190, 82
1667113976.567835, 83
1667113976.579631, 82
1667113976.591248, 82
1667113976.602883, 84
1667113976.614422, 85
1667113976.626226, 84
1667113976.637934, 85
1667113976.651514, 84
1667113976.665203, 84
1667113976.679756, 85
1667113976.694801, 84
1667113976.708951, 84
1667113976.723553, 85
1667113976.737753, 84
1667113976.753799, 84
1667113976.768400, 84
1667113976.785693, 85
1667113976.798023, 82
1667113976.812126, 83
1667113976.826238, 83
1667113976.841302, 83
1667113976.855907, 83
1667113976.870538, 84
1667113976.884660, 85
1667113976.898693, 84
1667113976.913338, 84
1667113976.926963, 84
1667113976.941558, 85
1667113976.955670, 84
1667113976.970773, 84
1667113976.984376, 85
1667113976.998009, 84
1667113977.012622, 85
1667113977.027183, 85
1667113977.041826, 85
1667113977.055454, 84
1667113977.069136, 85
1667113977.084669, 85
1667113977.098261, 84
1667113977.112373, 83
1667113977.127481, 84
1667113977.144122, 84
1667113977.157631, 84
1667113977.172252, 84
1667113977.186827, 85
1667113977.201467, 85
1667113977.216055, 83
1667113977.231289, 84
1667113977.245840, 86
1667113977.260785, 85
1667113977.274917, 86
1667113977.289546, 85
1667113977.304126, 85
1667113977.318268, 85
1667113977.332832, 85
1667113977.346942, 85
1667113977.359710, 85
1667113977.372557, 86
1667113977.384396, 86
1667113977.396157, 85
1667113977.407991, 85
1667113977.419870, 86
1667113977.431630, 85
1667113977.443472, 84
1667113977.457401, 86
1667113977.472012, 86
1667113977.486603, 85
1667113977.500242, 85
1667113977.513877, 85
1667113977.528499, 85
1667113977.543034, 86
1667113977.556707, 86
1667113977.571287, 87
1667113977.585414, 86
1667113977.598550, 85
1667113977.610368, 86
1667113977.622307, 87
1667113977.634574, 87
1667113977.646245, 86
1667113977.657927, 85
1667113977.670183, 85
1667113977.682220, 86
1667113977.696414, 86
1667113977.710481, 87
1667113977.725114, 87
1667113977.739690, 87
1667113977.753785, 85
1667113977.767750, 85
1667113977.782503, 86
1667113977.796883, 85
1667113977.811699, 85
1667113977.827991, 86
1667113977.844428, 85
1667113977.859657, 85
1667113977.874943, 86
1667113977.889570, 87
1667113977.904136, 88
1667113977.917778, 88
1667113977.931925, 88
1667113977.945135, 87
1667113977.959683, 87
1667113977.974233, 87
1667113977.988345, 87
1667113978.003446, 88
1667113978.017047, 87
1667113978.030815, 88
1667113978.045289, 87
1667113978.059883, 87
1667113978.074482, 87
1667113978.089129, 86
1667113978.102611, 86
1667113978.116354, 87
1667113978.130973, 87
1667113978.145555, 87
1667113978.161607, 87
1667113978.175736, 87
1667113978.190837, 88
1667113978.204970, 87
1667113978.218557, 87
1667113978.232691, 88
1667113978.246290, 88
1667113978.260491, 87
1667113978.273725, 87
1667113978.288144, 88
1667113978.303194, 87
1667113978.316855, 88
1667113978.331435, 89
1667113978.345565, 88
1667113978.360236, 88
1667113978.372984, 88
1667113978.384754, 88
1667113978.396407, 88
1667113978.408326, 88
1667113978.420216, 87
1667113978.432400, 86
1667113978.444326, 88
1667113978.457971, 87
1667113978.471459, 87
1667113978.485213, 88
1667113978.499438, 88
1667113978.513919, 89
1667113978.526493, 88
1667113978.538817, 88
1667113978.550901, 88
1667113978.562693, 88
1667113978.574499, 89
1667113978.586130, 88
1667113978.598104, 89
1667113978.611751, 89
1667113978.626338, 89
1667113978.640516, 89
1667113978.655051, 88
1667113978.669193, 88
1667113978.684748, 89
1667113978.698394, 89
1667113978.712011, 89
1667113978.725637, 87
1667113978.740215, 88
1667113978.754341, 88
1667113978.769408, 87
1667113978.783024, 88
1667113978.796713, 88
1667113978.811259, 87
1667113978.825383, 89
1667113978.840496, 89
1667113978.855547, 89
1667113978.868194, 90
1667113978.881205, 90
1667113978.893247, 90
1667113978.905656, 90
1667113978.918323, 89
1667113978.930425, 89
1667113978.942662, 89
1667113978.956281, 89
1667113978.969952, 89
1667113978.984517, 89
1667113978.999137, 90
1667113979.013727, 90
1667113979.027242, 90
1667113979.042474, 90
1667113979.057506, 88
1667113979.072113, 87
1667113979.086539, 88
1667113979.101315, 88
1667113979.114941, 89
1667113979.129554, 89
1667113979.143144, 88
1667113979.157762, 88
1667113979.174369, 90
1667113979.187928, 90
1667113979.201569, 89
1667113979.215728, 89
1667113979.229799, 89
1667113979.243369, 89
1667113979.256997, 90
1667113979.269784, 90
1667113979.281644, 90
1667113979.293496, 90
1667113979.305164, 91
1667113979.317025, 90
1667113979.329250, 91
1667113979.341723, 91
1667113979.355361, 90
1667113979.369950, 91
1667113979.384534, 89
1667113979.398191, 89
1667113979.412788, 90
1667113979.427383, 89
1667113979.441967, 90
1667113979.456103, 89
1667113979.468818, 90
1667113979.480719, 89
1667113979.493266, 89
1667113979.504894, 91
1667113979.516700, 91
1667113979.528494, 91
1667113979.540265, 90
1667113979.552534, 90
1667113979.565583, 91
1667113979.579679, 91
1667113979.594788, 91
1667113979.609435, 90
1667113979.622988, 91
1667113979.637673, 90
1667113979.651731, 91
1667113979.665814, 90
1667113979.679429, 90
1667113979.694072, 90
1667113979.707654, 92
1667113979.720393, 91
1667113979.733132, 90
1667113979.745308, 90
1667113979.756955, 91
1667113979.768735, 90
1667113979.781055, 90
1667113979.793550, 90
1667113979.806029, 90
1667113979.819589, 90
1667113979.833279, 90
1667113979.846877, 91
1667113979.860463, 91
1667113979.874119, 91
1667113979.889692, 92
1667113979.903317, 90
1667113979.916917, 91
1667113979.931043, 92
1667113979.946694, 92
1667113979.959832, 92
1667113979.972392, 91
1667113979.984666, 92
1667113979.996429, 92
1667113980.008478, 92
1667113980.020481, 91
1667113980.032846, 91
1667113980.045405, 90
1667113980.058584, 91
1667113980.072646, 91
1667113980.086286, 91
1667113980.100894, 91
1667113980.115000, 90
1667113980.129146, 90
1667113980.143494, 91
1667113980.158337, 91
1667113980.172956, 93
1667113980.187516, 93
1667113980.201702, 92
1667113980.216755, 92
1667113980.230091, 91
1667113980.244464, 92
1667113980.258069, 93
1667113980.273140, 92
1667113980.287792, 92
1667113980.301394, 92
1667113980.315093, 93
1667113980.332551, 91
1667113980.348097, 92
1667113980.361725, 92
1667113980.374921, 93
1667113980.389064, 92
1667113980.404565, 92
1667113980.418183, 91
1667113980.432325, 92
1667113980.445428, 92
1667113980.459552, 91
1667113980.473657, 92
1667113980.487770, 92
1667113980.503351, 93
1667113980.516983, 93
1667113980.531063, 93
1667113980.545001, 93
1667113980.557449, 93
1667113980.569805, 93
1667113980.581747, 93
1667113980.593476, 92
1667113980.605195, 93
1667113980.616989, 92
1667113980.629550, 94
1667113980.642034, 94
1667113980.655670, 93
1667113980.669365, 93
1667113980.682873, 93
1667113980.697475, 93
1667113980.712556, 93
1667113980.724762, 92
1667113980.740387, 92
1667113980.753920, 93
1667113980.767470, 92
1667113980.781807, 92
1667113980.796309, 93
1667113980.809845, 93
1667113980.822338, 91
1667113980.834071, 92
1667113980.845873, 94
1667113980.857707, 93
1667113980.869577, 95
1667113980.881448, 94
1667113980.895128, 93
1667113980.908743, 93
1667113980.922341, 95
1667113980.936480, 94
1667113980.950105, 93
1667113980.965154, 94
1667113980.979813, 93
1667113980.993441, 93
1667113981.007512, 94
1667113981.025191, 94
1667113981.040730, 93
1667113981.057346, 92
1667113981.071053, 92
1667113981.082930, 92
1667113981.097552, 92
1667113981.112154, 93
1667113981.125807, 94
1667113981.139406, 94
1667113981.154483, 93
1667113981.168557, 92
1667113981.185238, 93
1667113981.199253, 94
1667113981.213332, 94
1667113981.227964, 94
1667113981.241570, 94
1667113981.255206, 94
1667113981.268884, 94
1667113981.283397, 95
1667113981.297035, 95
1667113981.311645, 94
1667113981.326298, 94
1667113981.340896, 94
1667113981.353765, 96
1667113981.366160, 95
1667113981.377841, 95
1667113981.389616, 95
1667113981.402163, 95
1667113981.413959, 95
1667113981.426043, 94
1667113981.438225, 93
1667113981.451839, 93
1667113981.465419, 94
1667113981.480092, 94
1667113981.494631, 94
1667113981.509278, 94
1667113981.523832, 94
1667113981.537960, 95
1667113981.553539, 94
1667113981.568701, 95
1667113981.583204, 95
1667113981.596823, 95
1667113981.611446, 95
1667113981.625616, 96
1667113981.639474, 96
1667113981.654278, 96
1667113981.668419, 96
1667113981.683439, 95
1667113981.697600, 95
1667113981.712693, 96
1667113981.726266, 96
1667113981.740878, 95
1667113981.755960, 95
1667113981.771028, 95
1667113981.785451, 95
1667113981.800772, 94
1667113981.813869, 94
1667113981.825808, 95
1667113981.838344, 95
1667113981.850350, 95
1667113981.863650, 95
1667113981.875885, 96
1667113981.888866, 96
1667113981.903425, 95
1667113981.917562, 96
1667113981.932646, 95
1667113981.946219, 95
1667113981.960847, 96
1667113981.975471, 95
1667113981.991020, 97
1667113982.004156, 96
1667113982.016597, 96
1667113982.028728, 96
1667113982.041072, 95
1667113982.053649, 97
1667113982.066512, 97
1667113982.079567, 96
1667113982.097078, 96
1667113982.112691, 95
1667113982.127939, 95
1667113982.143473, 95
1667113982.160467, 95
1667113982.174552, 95
1667113982.189544, 95
1667113982.203722, 96
1667113982.219717, 95
1667113982.233891, 96
1667113982.248956, 96
1667113982.264553, 96
1667113982.279630, 96
1667113982.294699, 97
1667113982.310266, 96
1667113982.325354, 97
1667113982.341427, 96
1667113982.356534, 97
1667113982.371617, 97
1667113982.386695, 97
1667113982.401746, 97
1667113982.417324, 96
1667113982.432934, 96
1667113982.447501, 96
1667113982.464055, 95
1667113982.478638, 95
1667113982.493737, 97
1667113982.509813, 96
1667113982.527232, 96
1667113982.540936, 97
1667113982.554585, 96
1667113982.571089, 96
1667113982.586683, 97
1667113982.602251, 98
1667113982.616831, 97
1667113982.631417, 98
1667113982.645647, 98
1667113982.661649, 98
1667113982.675997, 98
1667113982.691801, 97
1667113982.706890, 98
1667113982.722951, 96
1667113982.738070, 96
1667113982.753108, 97
1667113982.768691, 97
1667113982.783304, 98
1667113982.797880, 96
1667113982.812503, 97
1667113982.827044, 98
1667113982.842208, 97
1667113982.859735, 97
1667113982.875762, 97
1667113982.890364, 97
1667113982.905931, 96
1667113982.922458, 98
1667113982.936613, 98
1667113982.951644, 98
1667113982.967239, 97
1667113982.982787, 98
1667113982.997398, 98
1667113983.012000, 98
1667113983.026157, 99
1667113983.041271, 98
1667113983.055805, 97
1667113983.070279, 99
1667113983.084989, 99
1667113983.100588, 98
1667113983.114932, 98
1667113983.128394, 99
1667113983.141472, 99
1667113983.154035, 98
1667113983.166691, 97
1667113983.182019, 97
1667113983.195972, 98
1667113983.211560, 98
1667113983.226108, 96
1667113983.240752, 97
1667113983.256289, 97
1667113983.271910, 99
1667113983.286519, 100
1667113983.302054, 99
1667113983.316648, 99
1667113983.332271, 99
1667113983.346819, 99
1667113983.361426, 97
1667113983.376563, 98
1667113983.391595, 98
1667113983.407146, 98
1667113983.421550, 100
1667113983.436335, 99
1667113983.451937, 98
1667113983.466513, 98
1667113983.481111, 100
1667113983.496245, 98
1667113983.511447, 97
1667113983.527392, 99
1667113983.542431, 98
1667113983.558014, 98
1667113983.573317, 99
1667113983.588719, 98
1667113983.603783, 98
1667113983.619347, 98
1667113983.633930, 99
1667113983.648564, 99
1667113983.664104, 98
1667113983.679676, 99
1667113983.694809, 100
1667113983.709875, 99
1667113983.725433, 100
1667113983.740039, 100
1667113983.755150, 99
1667113983.770210, 99
1667113983.785790, 99
1667113983.800370, 100
1667113983.813529, 100
1667113983.825679, 99
1667113983.837944, 99
1667113983.850190, 100
1667113983.862634, 98
1667113983.874837, 98
1667113983.889572, 97
1667113983.905489, 98
1667113983.921085, 97
1667113983.936633, 97
1667113983.952172, 98
1667113983.966796, 98
1667113983.983866, 99
1667113983.998453, 98
1667113984.014040, 100
1667113984.029271, 99
1667113984.044710, 99
1667113984.059296, 98
1667113984.075865, 100
1667113984.092393, 99
1667113984.108901, 98
1667113984.124529, 98
1667113984.140054, 98
1667113984.156465, 98
1667113984.169865, 97
1667113984.184826, 97
1667113984.200460, 98
1667113984.215512, 97
1667113984.233491, 97
1667113984.251078, 96
1667113984.267600, 94
1667113984.283132, 94
1667113984.298689, 88
1667113984.314288, 89
1667113984.329398, 87
1667113984.345442, 84
1667113984.361036, 81
1667113984.376700, 77
1667113984.395093, 72
1667113984.412146, 74
1667113984.428201, 66
1667113984.444719, 61
1667113984.460261, 58
1667113984.475364, 54
1667113984.491427, 51
1667113984.506971, 49
1667113984.522083, 46
1667113984.538125, 46
1667113984.552725, 46
1667113984.568332, 47
1667113984.582912, 47
1667113984.597496, 47
1667113984.612098, 48
1667113984.627732, 49
1667113984.641818, 48
1667113984.656873, 47
1667113984.671494, 48
1667113984.686099, 47
1667113984.700676, 46
1667113984.715267, 46
1667113984.729420, 48
1667113984.743997, 47
1667113984.758629, 47
1667113984.774653, 47
1667113984.789237, 47
1667113984.805568, 49
1667113984.818472, 48
1667113984.833086, 48
1667113984.849031, 49
1667113984.864165, 48
1667113984.878769, 48
1667113984.893375, 48
1667113984.908978, 48
1667113984.923542, 49
1667113984.938656, 48
1667113984.954241, 48
1667113984.969326, 47
1667113984.985626, 49
1667113984.998033, 49
1667113985.013206, 47
1667113985.029661, 49
1667113985.044579, 50
1667113985.057136, 49
1667113985.069543, 50
1667113985.081682, 50
1667113985.093717, 50
1667113985.107011, 50
1667113985.120249, 50
1667113985.134759, 49
1667113985.150315, 48
1667113985.164132, 48
1667113985.179565, 48
1667113985.194112, 49
1667113985.209771, 50
1667113985.225309, 49
1667113985.240884, 48
1667113985.256099, 50
1667113985.269426, 50
1667113985.281854, 51
1667113985.294394, 50
1667113985.307171, 50
1667113985.320436, 51
1667113985.333903, 52
1667113985.351279, 51
1667113985.364081, 51
1667113985.380031, 50
1667113985.395637, 49
1667113985.410206, 50
1667113985.425804, 49
1667113985.441378, 50
1667113985.456949, 50
1667113985.472497, 50
1667113985.487088, 50
1667113985.501955, 51
1667113985.517824, 51
1667113985.531833, 51
1667113985.545979, 52
1667113985.561026, 51
1667113985.576609, 51
1667113985.592974, 52
1667113985.605341, 52
1667113985.620431, 52
1667113985.634041, 50
1667113985.648679, 50
1667113985.663022, 51
1667113985.676888, 51
1667113985.691472, 50
1667113985.705876, 51
1667113985.720675, 50
1667113985.735077, 51
1667113985.749866, 52
1667113985.764002, 52
1667113985.778591, 52
1667113985.793667, 53
1667113985.808291, 52
1667113985.822408, 52
1667113985.836016, 53
1667113985.850134, 52
1667113985.865702, 54
1667113985.880325, 52
1667113985.894436, 52
1667113985.909954, 51
1667113985.922139, 52
1667113985.936775, 53
1667113985.950424, 51
1667113985.964517, 51
1667113985.979594, 51
1667113985.994174, 52
1667113986.008349, 54
1667113986.022406, 53
1667113986.036026, 53
1667113986.049672, 53
1667113986.064463, 52
1667113986.078930, 54
1667113986.093622, 53
1667113986.107756, 53
1667113986.122973, 52
1667113986.136320, 52
1667113986.150995, 53
1667113986.165599, 53
1667113986.179074, 53
1667113986.194811, 54
1667113986.209388, 54
1667113986.223559, 53
1667113986.241609, 53
1667113986.254131, 55
1667113986.267793, 54
1667113986.282363, 53
1667113986.297719, 54
1667113986.312059, 55
1667113986.327127, 54
1667113986.340755, 55
1667113986.354910, 55
1667113986.368974, 55
1667113986.384260, 54
1667113986.400215, 54
1667113986.414836, 54
1667113986.429887, 56
1667113986.443213, 55
1667113986.456139, 55
1667113986.468319, 55
1667113986.480211, 56
1667113986.492400, 56
1667113986.505251, 55
1667113986.519854, 56
1667113986.533535, 55
1667113986.549950, 55
1667113986.562678, 55
1667113986.577286, 56
1667113986.590935, 57
1667113986.605555, 54
1667113986.619282, 54
1667113986.633801, 54
1667113986.649378, 54
1667113986.663915, 54
1667113986.677553, 54
1667113986.691745, 55
1667113986.706264, 54
1667113986.721441, 53
1667113986.736933, 55
1667113986.752527, 56
1667113986.766142, 56
1667113986.780299, 56
1667113986.793911, 57
1667113986.808537, 57
1667113986.822488, 56
1667113986.835288, 55
1667113986.847247, 56
1667113986.859534, 56
1667113986.871686, 55
1667113986.883484, 56
1667113986.895533, 56
1667113986.907243, 56
1667113986.920941, 56
1667113986.935072, 56
1667113986.949122, 57
1667113986.962747, 56
1667113986.976349, 57
1667113986.990969, 57
1667113987.004659, 57
1667113987.018716, 58
1667113987.032465, 57
1667113987.047433, 56
1667113987.062990, 58
1667113987.076642, 58
1667113987.090242, 57
1667113987.104845, 57
1667113987.118471, 56
1667113987.132080, 57
1667113987.145735, 55
1667113987.159872, 55
1667113987.174466, 56
1667113987.193491, 56
1667113987.206566, 56
1667113987.223573, 57
1667113987.238374, 57
1667113987.250879, 57
1667113987.265465, 57
1667113987.281522, 58
1667113987.297111, 58
1667113987.311727, 57
1667113987.327771, 57
1667113987.342347, 58
1667113987.357908, 58
1667113987.372522, 57
1667113987.386709, 58
1667113987.400821, 57
1667113987.414340, 57
1667113987.428970, 57
1667113987.443113, 57
1667113987.456543, 57
1667113987.469351, 56
1667113987.481700, 58
1667113987.493706, 58
1667113987.505760, 58
1667113987.518524, 58
1667113987.531145, 58
1667113987.545749, 59
1667113987.559391, 58
1667113987.572987, 59
1667113987.587607, 58
1667113987.602191, 59
1667113987.616872, 58
1667113987.630956, 57
1667113987.646049, 57
1667113987.661628, 58
1667113987.676160, 59
1667113987.690761, 58
1667113987.705364, 57
1667113987.719478, 58
1667113987.733803, 58
1667113987.749343, 59
1667113987.762152, 58
1667113987.773849, 59
1667113987.785882, 59
1667113987.797826, 59
1667113987.809705, 59
1667113987.821694, 59
1667113987.834023, 60
1667113987.847260, 59
1667113987.861867, 59
1667113987.876014, 59
1667113987.892512, 59
1667113987.906055, 58
1667113987.919860, 59
1667113987.934359, 60
1667113987.948900, 59
1667113987.963019, 59
1667113987.977161, 58
1667113987.989836, 60
1667113988.002846, 60
1667113988.015231, 60
1667113988.026855, 60
1667113988.038957, 60
1667113988.051466, 60
1667113988.065578, 61
1667113988.077907, 60
1667113988.092519, 61
1667113988.107118, 61
1667113988.122164, 60
1667113988.137726, 60
1667113988.151931, 60
1667113988.167721, 59
1667113988.182107, 59
1667113988.194151, 60
1667113988.208483, 60
1667113988.223205, 59
1667113988.237943, 59
1667113988.252610, 60
1667113988.267660, 62
1667113988.282758, 61
1667113988.296482, 61
1667113988.311497, 62
1667113988.325559, 62
1667113988.339701, 61
1667113988.353777, 61
1667113988.368393, 62
1667113988.381897, 61
1667113988.395641, 61
1667113988.410273, 61
1667113988.423878, 61
1667113988.437514, 61
1667113988.451135, 60
1667113988.464812, 59
1667113988.478378, 60
1667113988.492113, 61
1667113988.505762, 60
1667113988.520296, 61
1667113988.535360, 62
1667113988.551373, 62
1667113988.564989, 61
1667113988.579594, 62
1667113988.592830, 62
1667113988.606382, 63
1667113988.621447, 62
1667113988.636045, 62
1667113988.650225, 62
1667113988.664268, 61
1667113988.677939, 61
1667113988.691529, 62
1667113988.705163, 61
1667113988.719760, 62
1667113988.733870, 61
1667113988.748081, 61
1667113988.763083, 62
1667113988.777203, 61
1667113988.792573, 62
1667113988.804521, 62
1667113988.818048, 63
1667113988.831678, 62
1667113988.845306, 62
1667113988.858533, 63
1667113988.872662, 62
1667113988.886749, 63
1667113988.901775, 62
1667113988.915417, 64
1667113988.929083, 64
1667113988.942751, 61
1667113988.956262, 61
1667113988.969875, 62
1667113988.983501, 63
1667113988.997176, 62
1667113989.009729, 62
1667113989.021542, 63
1667113989.033153, 62
1667113989.044944, 63
1667113989.056556, 63
1667113989.068157, 63
1667113989.080827, 63
1667113989.093086, 64
1667113989.107155, 63
1667113989.120732, 64
1667113989.135533, 63
1667113989.147562, 63
1667113989.161631, 64
1667113989.175148, 63
1667113989.189391, 63
1667113989.203494, 63
1667113989.217246, 62
1667113989.231710, 64
1667113989.246308, 63
1667113989.259529, 63
1667113989.273569, 63
1667113989.286958, 63
1667113989.300823, 63
1667113989.314488, 63
1667113989.328604, 63
1667113989.343611, 65
1667113989.357398, 64
1667113989.370860, 64
1667113989.384551, 64
1667113989.398719, 65
1667113989.411558, 66
1667113989.423374, 66
1667113989.435181, 66
1667113989.446757, 65
1667113989.458552, 64
1667113989.470362, 63
1667113989.483072, 64
1667113989.495003, 63
1667113989.509143, 64
1667113989.522731, 64
1667113989.536361, 64
1667113989.549485, 64
1667113989.563158, 63
1667113989.577239, 63
1667113989.593078, 64
1667113989.608405, 65
1667113989.623926, 65
1667113989.637595, 65
1667113989.651181, 65
1667113989.665040, 66
1667113989.679408, 66
1667113989.693572, 66
1667113989.706223, 65
1667113989.718434, 65
1667113989.730303, 66
1667113989.742467, 64
1667113989.754187, 64
1667113989.765889, 64
1667113989.777715, 64
1667113989.790484, 64
1667113989.803979, 65
1667113989.817655, 63
1667113989.832258, 63
1667113989.845861, 64
1667113989.859497, 65
1667113989.873234, 65
1667113989.887319, 67
1667113989.902319, 67
1667113989.916509, 67
1667113989.931034, 66
1667113989.945668, 66
1667113989.959747, 66
1667113989.972619, 66
1667113989.984753, 66
1667113989.996505, 67
1667113990.008489, 67
1667113990.020361, 65
1667113990.032176, 65
1667113990.046770, 66
1667113990.061412, 64
1667113990.073353, 66
1667113990.084971, 66
1667113990.096779, 66
1667113990.109490, 65
1667113990.122818, 64
1667113990.135917, 67
1667113990.149506, 67
1667113990.163680, 67
1667113990.177762, 67
1667113990.192448, 67
1667113990.206756, 67
1667113990.222621, 67
1667113990.237174, 68
1667113990.251737, 67
1667113990.265456, 66
1667113990.278980, 68
1667113990.293591, 66
1667113990.310163, 65
1667113990.324749, 67
1667113990.338445, 66
1667113990.351266, 66
1667113990.363462, 67
1667113990.375748, 66
1667113990.388428, 67
1667113990.401496, 66
1667113990.416086, 67
1667113990.429013, 68
1667113990.443461, 69
1667113990.458100, 68
1667113990.473664, 68
1667113990.488245, 67
1667113990.501955, 67
1667113990.515995, 67
1667113990.530615, 69
1667113990.544755, 67
1667113990.559367, 67
1667113990.573969, 68
1667113990.588064, 67
1667113990.603882, 66
1667113990.616244, 66
1667113990.630538, 68
1667113990.645983, 67
1667113990.662539, 67
1667113990.677053, 68
1667113990.691646, 68
1667113990.706253, 69
1667113990.720871, 69
1667113990.735451, 69
1667113990.749591, 68
1667113990.762302, 69
1667113990.774455, 69
1667113990.786209, 69
1667113990.797875, 67
1667113990.809605, 69
1667113990.821544, 68
1667113990.833840, 68
1667113990.846923, 67
1667113990.861988, 68
1667113990.875439, 67
1667113990.890197, 68
1667113990.904844, 68
1667113990.919439, 67
1667113990.934069, 69
1667113990.948700, 68
1667113990.962213, 68
1667113990.975881, 70
1667113990.990459, 70
1667113991.004586, 70
1667113991.019273, 69
1667113991.033288, 70
1667113991.047894, 69
1667113991.062493, 70
1667113991.076619, 68
1667113991.090716, 70
1667113991.103476, 70
1667113991.115194, 69
1667113991.126939, 69
1667113991.139392, 69
1667113991.151125, 68
1667113991.162676, 68
1667113991.174543, 68
1667113991.186710, 69
1667113991.200305, 68
1667113991.214337, 69
1667113991.228451, 69
1667113991.243056, 70
1667113991.256661, 69
1667113991.270764, 70
1667113991.285369, 70
1667113991.299098, 69
1667113991.313588, 71
1667113991.327727, 71
1667113991.341922, 70
1667113991.355998, 70
1667113991.371053, 71
1667113991.384504, 70
1667113991.398514, 70
1667113991.411669, 69
1667113991.425757, 70
1667113991.440187, 70
1667113991.454762, 69
1667113991.470528, 69
1667113991.484130, 69
1667113991.498736, 71
1667113991.513362, 69
1667113991.527552, 70
1667113991.541544, 71
1667113991.555711, 71
1667113991.569760, 71
1667113991.583435, 71
1667113991.598026, 70
1667113991.612624, 70
1667113991.627221, 70
1667113991.641362, 70
1667113991.655432, 72
1667113991.670133, 71
1667113991.685625, 72
1667113991.699221, 70
1667113991.714548, 70
1667113991.730457, 70
1667113991.747905, 70
1667113991.762501, 70
1667113991.777613, 70
1667113991.792689, 70
1667113991.807559, 70
1667113991.823842, 72
1667113991.838428, 72
1667113991.853130, 71
1667113991.867645, 71
1667113991.882227, 73
1667113991.895393, 72
1667113991.909455, 72
1667113991.924108, 72
1667113991.939200, 73
1667113991.953366, 71
1667113991.967876, 72
1667113991.983489, 72
1667113991.998554, 71
1667113992.013461, 71
1667113992.028771, 72
1667113992.043830, 71
1667113992.058995, 71
1667113992.073499, 72
1667113992.088543, 72
1667113992.104128, 72
1667113992.118749, 71
1667113992.133328, 72
1667113992.146977, 72
1667113992.162528, 72
1667113992.176704, 73
1667113992.190750, 73
1667113992.204890, 74
1667113992.218957, 73
1667113992.233644, 72
1667113992.248209, 72
1667113992.263398, 74
1667113992.279558, 72
1667113992.293929, 71
1667113992.308714, 71
1667113992.323128, 72
1667113992.337735, 71
1667113992.351882, 72
1667113992.365934, 73
1667113992.381527, 72
1667113992.398409, 74
1667113992.411264, 73
1667113992.427319, 74
1667113992.441021, 73
1667113992.453186, 73
1667113992.466267, 73
1667113992.478730, 73
1667113992.491503, 74
1667113992.504164, 73
1667113992.519275, 74
1667113992.533909, 74
1667113992.548902, 73
1667113992.563606, 73
1667113992.576348, 73
1667113992.588874, 74
1667113992.601171, 73
1667113992.613257, 72
1667113992.625878, 73
1667113992.638069, 74
1667113992.653662, 72
1667113992.668736, 73
1667113992.686222, 73
1667113992.700868, 73
1667113992.715326, 73
1667113992.730508, 74
1667113992.745565, 75
1667113992.761132, 74
1667113992.775289, 74
1667113992.791299, 74
1667113992.808924, 74
1667113992.824393, 73
1667113992.838961, 74
1667113992.852610, 74
1667113992.867342, 73
1667113992.882763, 74
1667113992.897390, 73
1667113992.912480, 73
1667113992.926242, 74
1667113992.941173, 74
1667113992.955756, 74
1667113992.970369, 74
1667113992.986920, 75
1667113993.002491, 75
1667113993.016109, 74
1667113993.029724, 75
1667113993.045018, 75
1667113993.057883, 74
1667113993.071020, 74
1667113993.082987, 75
1667113993.094855, 75
1667113993.107013, 75
1667113993.119937, 74
1667113993.132930, 76
1667113993.146384, 75
1667113993.161119, 75
1667113993.175792, 74
1667113993.190337, 73
1667113993.205016, 74
1667113993.219547, 75
1667113993.233678, 75
1667113993.248037, 75
1667113993.262352, 74
1667113993.276952, 75
1667113993.290608, 75
1667113993.304717, 75
1667113993.319314, 75
1667113993.334375, 76
1667113993.349021, 76
1667113993.362576, 76
1667113993.377178, 76
1667113993.391490, 76
1667113993.406237, 77
1667113993.420973, 76
1667113993.433926, 75
1667113993.446074, 75
1667113993.458097, 76
1667113993.470619, 75
1667113993.483308, 74
1667113993.495114, 75
1667113993.507233, 76
1667113993.519864, 75
1667113993.533523, 75
1667113993.548001, 76
1667113993.562610, 75
1667113993.576789, 76
1667113993.592288, 77
1667113993.606890, 76
1667113993.621491, 77
1667113993.634751, 76
1667113993.649736, 76
1667113993.664312, 76
1667113993.677944, 76
1667113993.692635, 76
1667113993.706651, 77
1667113993.721743, 76
1667113993.736369, 77
1667113993.750875, 75
1667113993.765544, 77
1667113993.779275, 77
1667113993.793835, 76
1667113993.808135, 76
1667113993.822965, 75
1667113993.837101, 77
1667113993.855669, 76
1667113993.871638, 76
1667113993.883861, 78
1667113993.899583, 78
1667113993.912543, 77
1667113993.925709, 78
1667113993.940351, 77
1667113993.954395, 77
1667113993.967213, 78
1667113993.979701, 77
1667113993.991583, 77
1667113994.003502, 77
1667113994.015201, 77
1667113994.026884, 77
1667113994.039586, 78
1667113994.053649, 76
1667113994.067300, 76
1667113994.081862, 77
1667113994.096143, 77
1667113994.110793, 76
1667113994.125674, 77
1667113994.140284, 77
1667113994.153917, 76
1667113994.167518, 79
1667113994.182143, 78
1667113994.197706, 77
1667113994.211347, 78
1667113994.225937, 79
1667113994.240583, 78
1667113994.254891, 78
1667113994.267701, 79
1667113994.280125, 79
1667113994.292237, 78
1667113994.304199, 78
1667113994.315988, 77
1667113994.327614, 78
1667113994.340815, 78
1667113994.353497, 77
1667113994.367037, 77
1667113994.380711, 77
1667113994.394304, 76
1667113994.407999, 76
1667113994.422525, 77
1667113994.437246, 78
1667113994.449932, 77
1667113994.462913, 77
1667113994.475255, 78
1667113994.486963, 78
1667113994.498712, 78
1667113994.510544, 77
1667113994.522129, 78
1667113994.534055, 79
1667113994.548104, 80
1667113994.562254, 79
1667113994.577330, 78
1667113994.591440, 79
1667113994.605507, 80
1667113994.619855, 79
1667113994.633819, 78
1667113994.647383, 79
1667113994.661969, 78
1667113994.675615, 78
1667113994.689331, 77
1667113994.702839, 78
1667113994.716552, 78
1667113994.731615, 78
1667113994.745375, 78
1667113994.760264, 78
1667113994.773901, 80
1667113994.787515, 79
1667113994.801148, 79
1667113994.815771, 80
1667113994.829386, 79
1667113994.842996, 79
1667113994.857608, 79
1667113994.872298, 79
1667113994.886776, 80
1667113994.901389, 80
1667113994.915023, 79
1667113994.929627, 81
1667113994.944232, 80
1667113994.959783, 78
1667113994.973925, 80
1667113994.989043, 79
1667113995.003251, 79
1667113995.018183, 78
1667113995.032785, 78
1667113995.046425, 79
1667113995.060090, 79
1667113995.074721, 80
1667113995.089261, 81
1667113995.103438, 79
1667113995.117442, 79
1667113995.131138, 80
1667113995.145695, 81
1667113995.159847, 80
1667113995.173930, 81
1667113995.187576, 81
1667113995.201753, 80
1667113995.215784, 80
1667113995.230475, 80
1667113995.243976, 81
1667113995.258690, 80
1667113995.272409, 79
1667113995.286813, 80
1667113995.301422, 80
1667113995.316037, 80
1667113995.330266, 80
1667113995.344754, 79
1667113995.358845, 80
1667113995.373696, 79
1667113995.389183, 80
1667113995.403603, 81
1667113995.418232, 81
1667113995.433766, 81
1667113995.447432, 80
1667113995.461069, 82
1667113995.474205, 81
1667113995.488318, 81
1667113995.502555, 80
1667113995.516110, 82
1667113995.531174, 82
1667113995.546236, 81
1667113995.561378, 82
1667113995.575989, 80
1667113995.591465, 81
1667113995.606120, 80
1667113995.620754, 80
1667113995.634345, 80
1667113995.650859, 80
1667113995.663495, 79
1667113995.677137, 80
1667113995.691693, 81
1667113995.706314, 81
1667113995.719941, 81
1667113995.733572, 82
1667113995.748312, 82
1667113995.763806, 81
1667113995.778353, 82
1667113995.792205, 83
1667113995.806948, 82
1667113995.823341, 81
1667113995.837476, 83
1667113995.851046, 82
1667113995.865120, 82
1667113995.879761, 82
1667113995.894337, 81
1667113995.908960, 82
1667113995.923547, 81
1667113995.937187, 81
1667113995.950815, 81
1667113995.964427, 82
1667113995.978664, 81
1667113995.994629, 81
1667113996.011278, 83
1667113996.025764, 83
1667113996.039940, 82
1667113996.053966, 82
1667113996.067602, 83
1667113996.081219, 84
1667113996.095795, 83
1667113996.110438, 83
1667113996.123569, 82
1667113996.137400, 82
1667113996.153243, 82
1667113996.166857, 83
1667113996.180036, 83
1667113996.193653, 83
1667113996.207715, 82
1667113996.222405, 82
1667113996.236483, 82
1667113996.250620, 82
1667113996.264359, 81
1667113996.278862, 81
1667113996.293479, 81
1667113996.307996, 82
1667113996.322112, 82
1667113996.336082, 84
1667113996.350784, 83
1667113996.365418, 82
1667113996.379041, 84
1667113996.392747, 83
1667113996.405821, 84
1667113996.419521, 83
1667113996.433271, 83
1667113996.447261, 84
1667113996.459937, 83
1667113996.471752, 83
1667113996.483382, 84
1667113996.495082, 83
1667113996.506701, 84
1667113996.518536, 83
1667113996.530430, 82
1667113996.544504, 83
1667113996.557690, 82
1667113996.571811, 82
1667113996.585378, 82
1667113996.598548, 84
1667113996.612659, 84
1667113996.627236, 83
1667113996.641053, 84
1667113996.654710, 84
1667113996.668306, 85
1667113996.681930, 85
1667113996.695610, 84
1667113996.709227, 84
1667113996.722797, 85
1667113996.735984, 84
1667113996.750049, 84
1667113996.763717, 84
1667113996.778324, 84
1667113996.791929, 84
1667113996.806056, 85
1667113996.820149, 84
1667113996.834739, 84
1667113996.848644, 83
1667113996.863954, 83
1667113996.878549, 84
1667113996.893148, 84
1667113996.907755, 82
1667113996.921378, 84
1667113996.935966, 84
1667113996.949599, 84
1667113996.963289, 84
1667113996.976824, 84
1667113996.990976, 84
1667113997.005100, 84
1667113997.019191, 84
1667113997.033320, 85
1667113997.048002, 84
1667113997.065482, 84
1667113997.080039, 84
1667113997.093663, 85
1667113997.107271, 85
1667113997.121384, 85
1667113997.135582, 86
1667113997.149853, 84
1667113997.164701, 84
1667113997.179365, 84
1667113997.193028, 84
1667113997.207522, 85
1667113997.222121, 84
1667113997.236712, 84
1667113997.251339, 85
1667113997.265452, 86
1667113997.279092, 85
1667113997.293227, 85
1667113997.307744, 85
1667113997.322964, 85
1667113997.337487, 85
1667113997.352540, 86
1667113997.366000, 86
1667113997.380307, 85
1667113997.393920, 85
1667113997.408581, 86
1667113997.422592, 85
1667113997.437228, 85
1667113997.450839, 85
1667113997.464475, 86
1667113997.478109, 85
1667113997.492262, 86
1667113997.506849, 85
1667113997.520941, 85
1667113997.535521, 86
1667113997.549114, 85
1667113997.562776, 84
1667113997.577416, 85
1667113997.593681, 87
1667113997.605573, 86
1667113997.620210, 86
1667113997.633818, 86
1667113997.647445, 87
1667113997.661110, 86
1667113997.674790, 85
1667113997.692224, 86
1667113997.705855, 86
1667113997.720928, 86
1667113997.734672, 85
1667113997.746709, 86
1667113997.762063, 87
1667113997.773953, 86
1667113997.788606, 84
1667113997.802191, 85
1667113997.815839, 84
1667113997.830430, 85
1667113997.844068, 85
1667113997.857701, 86
1667113997.872293, 86
1667113997.887866, 87
1667113997.903030, 87
1667113997.917998, 88
1667113997.933629, 88
1667113997.948176, 87
1667113997.963385, 87
1667113997.979341, 87
1667113997.994427, 87
1667113998.007558, 87
1667113998.020158, 88
1667113998.033056, 88
1667113998.044852, 88
1667113998.056559, 87
1667113998.068614, 87
1667113998.080625, 86
1667113998.094733, 86
1667113998.108937, 86
1667113998.124883, 87
1667113998.139938, 86
1667113998.156494, 87
1667113998.170604, 87
1667113998.184722, 87
1667113998.199328, 87
1667113998.213932, 86
1667113998.229591, 88
1667113998.243628, 87
1667113998.257679, 87
1667113998.271338, 87
1667113998.285068, 88
1667113998.298570, 87
1667113998.312203, 87
1667113998.326739, 88
1667113998.340425, 89
1667113998.354549, 88
1667113998.369670, 88
1667113998.383259, 88
1667113998.397396, 88
1667113998.411884, 88
1667113998.424518, 89
1667113998.436282, 87
1667113998.448342, 87
1667113998.460175, 88
1667113998.471951, 88
1667113998.483444, 87
1667113998.495169, 87
1667113998.508363, 88
1667113998.522448, 88
1667113998.535663, 88
1667113998.550193, 89
1667113998.564295, 89
1667113998.578896, 89
1667113998.592545, 88
1667113998.606159, 89
1667113998.620369, 88
1667113998.633384, 90
1667113998.647098, 88
1667113998.662176, 88
1667113998.676747, 89
1667113998.691337, 89
1667113998.705930, 88
1667113998.721077, 88
1667113998.735614, 88
1667113998.750241, 89
1667113998.763836, 86
1667113998.777474, 88
1667113998.792068, 88
1667113998.805724, 88
1667113998.820829, 88
1667113998.835846, 88
1667113998.849504, 87
1667113998.863628, 88
1667113998.878241, 89
1667113998.892332, 89
1667113998.906889, 90
1667113998.921494, 89
1667113998.935159, 88
1667113998.949845, 90
1667113998.963358, 90
1667113998.977015, 88
1667113998.990611, 89
1667113999.005212, 90
1667113999.019824, 89
1667113999.033963, 90
1667113999.048043, 89
1667113999.062624, 89
1667113999.077768, 89
1667113999.091013, 89
1667113999.103547, 89
1667113999.116558, 88
1667113999.128873, 88
1667113999.141174, 89
1667113999.153177, 89
1667113999.166632, 88
1667113999.180073, 89
1667113999.194586, 88
1667113999.211465, 90
1667113999.224186, 91
1667113999.239326, 91
1667113999.254386, 90
1667113999.269982, 91
1667113999.284536, 91
1667113999.299679, 90
1667113999.314801, 90
1667113999.329406, 90
1667113999.345896, 90
1667113999.359491, 90
1667113999.373646, 91
1667113999.388752, 90
1667113999.401736, 90
1667113999.413923, 90
1667113999.425796, 89
1667113999.438455, 90
1667113999.450310, 90
1667113999.462133, 90
1667113999.474503, 90
1667113999.486989, 89
1667113999.502414, 89
1667113999.515236, 90
1667113999.528916, 90
1667113999.544722, 91
1667113999.557145, 91
1667113999.570703, 90
1667113999.584354, 91
1667113999.598938, 90
1667113999.613565, 90
1667113999.627650, 90
1667113999.642719, 91
1667113999.656400, 91
1667113999.670957, 91
1667113999.685113, 91
1667113999.700225, 91
1667113999.713766, 91
1667113999.727554, 91
1667113999.743008, 91
1667113999.757147, 91
1667113999.772161, 91
1667113999.786544, 90
1667113999.801448, 90
1667113999.815035, 91
1667113999.830703, 91
1667113999.843216, 90
1667113999.856886, 89
1667113999.870526, 92
1667113999.883790, 91
1667113999.897738, 92
1667113999.912353, 92
1667113999.925118, 92
1667113999.937394, 91
1667113999.949399, 91
1667113999.961323, 92
1667113999.973110, 91
1667113999.984776, 92
1667113999.997166, 92
1667114000.010769, 92
1667114000.023355, 92
1667114000.036421, 92
1667114000.051037, 92
1667114000.065627, 92
1667114000.079905, 91
1667114000.093859, 91
1667114000.108469, 91
1667114000.121745, 91
1667114000.135767, 91
1667114000.149844, 92
1667114000.163644, 91
1667114000.178498, 91
1667114000.191824, 91
1667114000.205738, 92
1667114000.219980, 93
1667114000.233962, 92
1667114000.248576, 93
1667114000.264145, 93
1667114000.278845, 93
1667114000.293891, 92
1667114000.308510, 92
1667114000.322533, 92
1667114000.336681, 93
1667114000.350791, 91
1667114000.365386, 92
1667114000.379006, 93
1667114000.393624, 93
1667114000.407215, 92
1667114000.420943, 93
1667114000.435676, 92
1667114000.450114, 92
1667114000.464335, 92
1667114000.478877, 92
1667114000.491718, 92
1667114000.503983, 92
1667114000.515864, 92
1667114000.527621, 91
1667114000.539529, 92
1667114000.551246, 93
1667114000.562999, 94
1667114000.576717, 93
1667114000.590816, 93
1667114000.604782, 93
1667114000.619413, 93
1667114000.634008, 93
1667114000.647641, 93
1667114000.661761, 94
1667114000.675857, 94
1667114000.689483, 94
1667114000.704067, 94
1667114000.718197, 93
1667114000.732361, 93
1667114000.746582, 93
1667114000.760631, 92
1667114000.775128, 92
1667114000.789390, 91
1667114000.803050, 92
1667114000.817122, 93
1667114000.831696, 92
1667114000.845244, 93
1667114000.860903, 92
1667114000.874524, 93
1667114000.889153, 94
1667114000.901925, 94
1667114000.913530, 94
1667114000.925198, 94
1667114000.936928, 94
1667114000.948609, 94
1667114000.960585, 94
1667114000.972788, 94
1667114000.985475, 93
1667114000.998653, 94
1667114001.012772, 93
1667114001.026350, 93
1667114001.039990, 93
1667114001.053588, 94
1667114001.066798, 93
1667114001.080866, 95
1667114001.095222, 94
1667114001.107157, 93
1667114001.121743, 94
1667114001.135364, 93
1667114001.149959, 93
1667114001.162538, 93
1667114001.174444, 93
1667114001.186279, 94
1667114001.197872, 94
1667114001.209508, 94
1667114001.222993, 94
1667114001.234496, 94
1667114001.246030, 94
1667114001.258020, 95
1667114001.271650, 94
1667114001.284795, 94
1667114001.298414, 95
1667114001.313499, 95
1667114001.326410, 95
1667114001.338965, 95
1667114001.351154, 95
1667114001.362973, 94
1667114001.374866, 95
1667114001.386375, 95
1667114001.398140, 95
1667114001.411782, 94
1667114001.425448, 95
1667114001.439056, 93
1667114001.451494, 92
1667114001.463721, 94
1667114001.475412, 94
1667114001.487787, 94
1667114001.499625, 94
1667114001.511297, 94
1667114001.522845, 94
1667114001.534421, 95
1667114001.547646, 94
1667114001.562747, 96
1667114001.574868, 96
1667114001.588947, 95
1667114001.603520, 95
1667114001.617218, 95
1667114001.631267, 96
1667114001.645354, 95
1667114001.660134, 95
1667114001.674106, 96
1667114001.688224, 96
1667114001.702787, 95
1667114001.716402, 94
1667114001.730061, 95
1667114001.744628, 95
1667114001.758294, 95
1667114001.772400, 95
1667114001.786485, 95
1667114001.801102, 96
1667114001.814740, 95
1667114001.827968, 95
1667114001.841562, 94
1667114001.856625, 95
1667114001.871827, 95
1667114001.883837, 95
1667114001.897505, 95
1667114001.910148, 95
1667114001.921838, 96
1667114001.933405, 96
1667114001.945032, 96
1667114001.956585, 97
1667114001.968435, 97
1667114001.981433, 96
1667114001.993824, 96
1667114002.007441, 96
1667114002.021090, 96
1667114002.034666, 96
1667114002.048341, 96
1667114002.061939, 97
1667114002.075565, 96
1667114002.089220, 96
1667114002.102364, 97
1667114002.116442, 97
1667114002.129653, 95
1667114002.145148, 95
1667114002.157331, 95
1667114002.170939, 95
1667114002.185552, 95
1667114002.199166, 96
1667114002.212803, 95
1667114002.225956, 96
1667114002.240561, 97
1667114002.253812, 96
1667114002.267343, 96
1667114002.281897, 97
1667114002.296505, 98
1667114002.310118, 96
1667114002.324832, 97
1667114002.338417, 97
1667114002.352970, 97
1667114002.365503, 97
1667114002.378304, 97
1667114002.390534, 96
1667114002.403593, 98
1667114002.415639, 97
1667114002.427545, 97
1667114002.439936, 97
1667114002.452226, 98
1667114002.465700, 97
1667114002.480583, 96
1667114002.495062, 95
1667114002.509658, 97
1667114002.523276, 96
1667114002.536451, 96
1667114002.550066, 96
1667114002.564155, 97
1667114002.578320, 95
1667114002.593348, 98
1667114002.607004, 98
1667114002.620625, 97
1667114002.633790, 97
1667114002.647861, 97
1667114002.661510, 97
1667114002.674847, 97
1667114002.689741, 97
1667114002.703362, 97
1667114002.716964, 97
1667114002.731187, 98
1667114002.744237, 97
1667114002.756288, 97
1667114002.767995, 97
1667114002.779860, 99
1667114002.791538, 99
1667114002.803131, 99
1667114002.815727, 97
1667114002.827925, 97
1667114002.841596, 97
1667114002.855689, 97
1667114002.870271, 97
1667114002.884390, 97
1667114002.899002, 98
1667114002.912601, 97
1667114002.925089, 96
1667114002.937281, 97
1667114002.949008, 98
1667114002.960656, 98
1667114002.972349, 97
1667114002.984059, 98
1667114002.996769, 99
1667114003.008936, 98
1667114003.022580, 97
1667114003.036199, 99
1667114003.048906, 99
1667114003.061428, 98
1667114003.073099, 98
1667114003.084761, 99
1667114003.096367, 99
1667114003.107943, 98
1667114003.119924, 98
1667114003.133531, 97
1667114003.147187, 98
1667114003.160790, 99
1667114003.174441, 97
1667114003.188024, 97
1667114003.201679, 97
1667114003.215289, 97
1667114003.228541, 98
1667114003.242525, 97
1667114003.256186, 97
1667114003.269852, 98
1667114003.283237, 98
1667114003.297095, 98
1667114003.311642, 98
1667114003.325280, 99
1667114003.339875, 99
1667114003.353490, 98
1667114003.367151, 98
1667114003.381752, 99
1667114003.394261, 99
1667114003.406186, 99
1667114003.417925, 98
1667114003.429801, 98
1667114003.442097, 99
1667114003.454396, 99
1667114003.467423, 98
1667114003.481524, 99
1667114003.496594, 100
1667114003.510084, 99
1667114003.523839, 99
1667114003.538432, 99
1667114003.553051, 98
1667114003.567222, 98
1667114003.581835, 98
1667114003.595844, 98
1667114003.610448, 98
1667114003.624569, 97
1667114003.639649, 99
1667114003.653267, 100
1667114003.666907, 99
1667114003.680529, 98
1667114003.694189, 99
1667114003.707779, 99
1667114003.721403, 98
1667114003.735048, 98
1667114003.748220, 99
1667114003.762261, 99
1667114003.775906, 99
1667114003.790487, 98
1667114003.804129, 99
1667114003.818289, 99
1667114003.831007, 99
1667114003.843106, 99
1667114003.855816, 98
1667114003.868836, 99
1667114003.880580, 99
1667114003.892787, 98
1667114003.904545, 97
1667114003.916114, 98
1667114003.928230, 98
1667114003.940418, 98
1667114003.954016, 98
1667114003.968177, 98
1667114003.981797, 99
1667114003.995897, 99
1667114004.009512, 99
1667114004.023666, 98
1667114004.037740, 97
1667114004.052313, 97
1667114004.065948, 98
1667114004.080578, 97
1667114004.094187, 98
1667114004.108838, 97
1667114004.123380, 97
1667114004.137000, 97
1667114004.151125, 97
1667114004.164266, 96
1667114004.177922, 97
1667114004.191494, 97
1667114004.204179, 97
1667114004.216119, 97
1667114004.227919, 95
1667114004.239650, 95
1667114004.251398, 93
1667114004.263016, 87
1667114004.274858, 84
1667114004.286905, 78
1667114004.300551, 73
1667114004.313718, 67
1667114004.327748, 61
1667114004.341395, 56
1667114004.355032, 51
1667114004.368185, 48
1667114004.381856, 46
1667114004.395914, 47
1667114004.408680, 46
1667114004.420485, 46
1667114004.432110, 48
1667114004.443700, 48
1667114004.455267, 46
1667114004.467052, 46
1667114004.479632, 47
1667114004.492870, 46
1667114004.507868, 46
1667114004.521330, 47
1667114004.534182, 48
1667114004.546010, 46
1667114004.558107, 46
1667114004.570083, 48
1667114004.581809, 48
1667114004.593993, 48
1667114004.605828, 47
1667114004.620277, 47
1667114004.632797, 48
1667114004.644818, 49
1667114004.656585, 48
1667114004.668454, 49
1667114004.680121, 47
1667114004.691681, 47
1667114004.703494, 47
1667114004.717107, 48
1667114004.730276, 48
1667114004.743863, 47
1667114004.758008, 47
1667114004.772232, 47
1667114004.786207, 48
1667114004.800801, 48
1667114004.815437, 49
1667114004.828993, 48
1667114004.842667, 49
1667114004.857357, 50
1667114004.871843, 49
1667114004.885967, 48
1667114004.900080, 49
1667114004.914199, 49
1667114004.927958, 48
1667114004.942897, 48
1667114004.956537, 49
1667114004.970060, 49
1667114004.984726, 48
1667114004.998394, 48
1667114005.011975, 48
1667114005.026125, 50
1667114005.040205, 49
1667114005.054365, 50
1667114005.068485, 50
1667114005.083041, 50
1667114005.097654, 49
1667114005.111246, 49
1667114005.125392, 49
1667114005.139492, 49
1667114005.154106, 49
1667114005.167377, 49
1667114005.181946, 49
1667114005.195953, 50
1667114005.208641, 49
1667114005.220415, 49
1667114005.232203, 49
1667114005.244206, 49
1667114005.255943, 49
1667114005.267503, 50
1667114005.280221, 51
1667114005.292075, 51
1667114005.305948, 51
1667114005.320037, 50
1667114005.334135, 51
1667114005.348314, 51
1667114005.362396, 51
1667114005.375080, 51
1667114005.386793, 49
1667114005.398474, 49
1667114005.410093, 50
1667114005.421955, 50
1667114005.433493, 50
1667114005.445652, 50
1667114005.457764, 51
1667114005.471368, 50
1667114005.485056, 51
1667114005.499605, 52
1667114005.513246, 51
1667114005.527420, 51
1667114005.542443, 52
1667114005.555415, 52
1667114005.570259, 53
1667114005.585882, 52
1667114005.601804, 52
1667114005.615455, 52
1667114005.629038, 51
1667114005.643664, 51
1667114005.658280, 51
1667114005.672860, 52
1667114005.686252, 51
1667114005.701108, 52
1667114005.714288, 51
1667114005.728368, 51
1667114005.741622, 52
1667114005.753785, 51
1667114005.765476, 52
1667114005.777214, 53
1667114005.789045, 53
1667114005.800654, 53
1667114005.813136, 52
1667114005.825676, 53
1667114005.839314, 54
1667114005.853438, 52
1667114005.867560, 51
1667114005.882615, 52
1667114005.895356, 53
1667114005.907621, 52
1667114005.919533, 52
1667114005.931476, 52
1667114005.943228, 52
1667114005.955133, 51
1667114005.967311, 51
1667114005.981426, 53
1667114005.996023, 53
1667114006.010143, 53
1667114006.024754, 54
1667114006.038361, 53
1667114006.051979, 53
1667114006.066590, 52
1667114006.080710, 53
1667114006.094349, 53
1667114006.108425, 53
1667114006.123024, 53
1667114006.137172, 53
1667114006.152207, 52
1667114006.166348, 54
1667114006.181421, 53
1667114006.196028, 52
1667114006.211594, 54
1667114006.226182, 54
1667114006.240827, 54
1667114006.254373, 54
1667114006.269031, 55
1667114006.283376, 54
1667114006.298717, 55
1667114006.313373, 55
1667114006.329386, 53
1667114006.343964, 53
1667114006.358591, 54
1667114006.374203, 53
1667114006.388787, 53
1667114006.403357, 54
1667114006.418455, 54
1667114006.433516, 54
1667114006.449173, 53
1667114006.465673, 55
1667114006.478289, 55
1667114006.492893, 54
1667114006.507519, 55
1667114006.524132, 54
1667114006.539580, 55
1667114006.555203, 55
1667114006.570769, 54
1667114006.585378, 54
1667114006.600934, 54
1667114006.615069, 54
1667114006.630927, 54
1667114006.646759, 55
1667114006.665214, 54
1667114006.678980, 54
1667114006.691350, 55
1667114006.703648, 55
1667114006.715965, 56
1667114006.728786, 56
1667114006.741580, 55
1667114006.758664, 56
1667114006.771242, 56
1667114006.786820, 55
1667114006.802422, 55
1667114006.816576, 57
1667114006.831573, 56
1667114006.847192, 56
1667114006.863693, 55
1667114006.878328, 55
1667114006.893913, 54
1667114006.908520, 55
1667114006.923062, 56
1667114006.938660, 54
1667114006.953247, 55
1667114006.970899, 56
1667114006.983947, 56
1667114006.998978, 58
1667114007.013627, 57
1667114007.029230, 57
1667114007.044308, 56
1667114007.059903, 56
1667114007.075898, 56
1667114007.091521, 57
1667114007.106739, 56
1667114007.122191, 55
1667114007.138197, 56
1667114007.153333, 55
1667114007.168167, 55
1667114007.183924, 56
1667114007.199523, 56
1667114007.215137, 57
1667114007.231184, 58
1667114007.246245, 57
1667114007.261777, 57
1667114007.277364, 56
1667114007.292461, 59
1667114007.310489, 59
1667114007.326055, 58
1667114007.341624, 57
1667114007.357232, 57
1667114007.374464, 57
1667114007.388351, 56
1667114007.403870, 57
1667114007.420451, 57
1667114007.436037, 57
1667114007.452571, 58
1667114007.469655, 59
1667114007.485650, 58
1667114007.502200, 58
1667114007.518326, 58
1667114007.534810, 58
1667114007.550860, 57
1667114007.566430, 58
1667114007.581986, 60
1667114007.598132, 59
1667114007.614131, 58
1667114007.629713, 58
1667114007.646230, 57
1667114007.661814, 57
1667114007.677415, 58
1667114007.693050, 58
1667114007.711054, 58
1667114007.727657, 59
1667114007.743611, 59
1667114007.757728, 59
1667114007.770733, 60
1667114007.783291, 60
1667114007.795736, 59
1667114007.808778, 59
1667114007.821464, 59
1667114007.836041, 59
1667114007.851591, 60
1667114007.866722, 59
1667114007.882757, 58
1667114007.898365, 59
1667114007.913899, 59
1667114007.929471, 59
1667114007.944055, 59
1667114007.959673, 59
1667114007.973791, 59
1667114007.988820, 59
1667114008.004404, 59
1667114008.019621, 59
1667114008.035556, 60
1667114008.049357, 60
1667114008.062039, 60
1667114008.074493, 60
1667114008.086642, 60
1667114008.099582, 60
1667114008.112450, 60
1667114008.127030, 59
1667114008.141659, 59
1667114008.155843, 60
1667114008.170897, 59
1667114008.186424, 60
1667114008.200621, 59
1667114008.215168, 61
1667114008.229771, 61
1667114008.244826, 60
1667114008.261373, 60
1667114008.276944, 61
1667114008.292541, 62
1667114008.309165, 61
1667114008.324202, 62
1667114008.338782, 61
1667114008.352285, 61
1667114008.364908, 60
1667114008.377190, 61
1667114008.389675, 60
1667114008.401897, 61
1667114008.414383, 60
1667114008.428446, 61
1667114008.443082, 60
1667114008.458116, 61
1667114008.473677, 59
1667114008.489240, 61
1667114008.504821, 61
1667114008.520409, 60
1667114008.536922, 62
1667114008.551516, 62
1667114008.566685, 63
1667114008.581685, 62
1667114008.596191, 63
1667114008.611418, 63
1667114008.626964, 62
1667114008.642019, 62
1667114008.657613, 61
1667114008.675104, 61
1667114008.689726, 61
1667114008.705846, 61
1667114008.719221, 61
1667114008.731711, 61
1667114008.743862, 61
1667114008.755986, 62
1667114008.768871, 62
1667114008.783150, 63
1667114008.795445, 62
1667114008.810420, 62
1667114008.825984, 62
1667114008.842568, 61
1667114008.859055, 62
1667114008.874205, 64
1667114008.890261, 63
1667114008.904877, 64
1667114008.919044, 64
1667114008.935070, 64
1667114008.949599, 64
1667114008.963747, 63
1667114008.978803, 64
1667114008.994371, 63
1667114009.009012, 62
1667114009.024548, 63
1667114009.038266, 63
1667114009.050647, 64
1667114009.062881, 64
1667114009.075273, 63
1667114009.087919, 63
1667114009.099922, 64
1667114009.112927, 63
1667114009.125390, 64
1667114009.139917, 64
1667114009.153969, 64
1667114009.168565, 64
1667114009.183228, 64
1667114009.198751, 63
1667114009.213415, 64
1667114009.227924, 63
1667114009.243590, 64
1667114009.257157, 63
1667114009.271757, 63
1667114009.285901, 62
1667114009.299022, 64
1667114009.311551, 65
1667114009.323550, 65
1667114009.335423, 65
1667114009.347335, 66
1667114009.361304, 65
1667114009.375980, 65
1667114009.390473, 65
1667114009.405136, 64
1667114009.418726, 64
1667114009.433317, 65
1667114009.447459, 64
1667114009.463542, 64
1667114009.475696, 64
1667114009.489759, 63
1667114009.505441, 63
1667114009.520013, 65
1667114009.535527, 63
1667114009.551121, 63
1667114009.566672, 65
1667114009.582223, 65
1667114009.597840, 65
1667114009.613390, 65
1667114009.627974, 65
1667114009.642551, 66
1667114009.657678, 66
1667114009.673735, 64
1667114009.689315, 65
1667114009.704912, 65
1667114009.719500, 64
1667114009.734069, 64
1667114009.748659, 64
1667114009.763843, 65
1667114009.778816, 65
1667114009.794039, 64
1667114009.810104, 65
1667114009.826124, 65
1667114009.842090, 65
1667114009.860333, 67
1667114009.880686, 66
1667114009.897675, 67
1667114009.916849, 66
1667114009.933602, 65
1667114009.950127, 67
1667114009.966239, 66
1667114009.983236, 67
1667114009.999799, 66
1667114010.014937, 65
1667114010.030939, 65
1667114010.046045, 65
1667114010.062163, 66
1667114010.078667, 65
1667114010.095196, 65
1667114010.110730, 66
1667114010.126339, 66
1667114010.140890, 66
1667114010.153342, 67
1667114010.165605, 66
1667114010.177831, 67
1667114010.191574, 66
1667114010.205397, 67
1667114010.219975, 66
1667114010.235076, 68
1667114010.250125, 67
1667114010.265771, 67
1667114010.281377, 68
1667114010.295022, 67
1667114010.307779, 66
1667114010.321118, 66
1667114010.333488, 65
1667114010.345599, 67
1667114010.358018, 66
1667114010.370794, 66
1667114010.385485, 67
1667114010.399560, 68
1667114010.414703, 67
1667114010.429311, 67
1667114010.443822, 67
1667114010.458425, 68
1667114010.473041, 67
1667114010.489303, 68
1667114010.503711, 68
1667114010.518783, 68
1667114010.533430, 68
1667114010.547509, 68
1667114010.563080, 68
1667114010.577810, 67
1667114010.593710, 67
1667114010.608308, 67
1667114010.622987, 68
1667114010.637046, 68
1667114010.651747, 67
1667114010.667694, 67
1667114010.683790, 68
1667114010.698873, 68
1667114010.711648, 68
1667114010.724189, 68
1667114010.736576, 68
1667114010.750068, 69
1667114010.763112, 69
1667114010.779628, 68
1667114010.795193, 68
1667114010.809899, 69
1667114010.825393, 68
1667114010.842965, 68
1667114010.859943, 68
1667114010.875973, 67
1667114010.891558, 67
1667114010.906137, 69
1667114010.921733, 67
1667114010.938292, 68
1667114010.955755, 68
1667114010.973362, 68
1667114010.990845, 69
1667114011.006906, 70
1667114011.023489, 69
1667114011.039560, 69
1667114011.057001, 68
1667114011.073713, 69
1667114011.089124, 70
1667114011.104695, 69
1667114011.120370, 70
1667114011.134861, 69
1667114011.149999, 68
1667114011.165020, 68
1667114011.180641, 69
1667114011.195923, 69
1667114011.212309, 68
1667114011.228284, 68
1667114011.243431, 69
1667114011.260494, 68
1667114011.276015, 70
1667114011.291562, 70
1667114011.307289, 70
1667114011.323687, 70
1667114011.339231, 70
1667114011.354398, 70
1667114011.371371, 70
1667114011.385497, 70
1667114011.400167, 70
1667114011.414733, 70
1667114011.429801, 68
1667114011.446330, 70
1667114011.458959, 70
1667114011.474588, 70
1667114011.491147, 69
1667114011.505682, 69
1667114011.521260, 70
1667114011.535916, 69
1667114011.552949, 70
1667114011.566027, 70
1667114011.580624, 71
1667114011.594818, 70
1667114011.609850, 70
1667114011.623982, 71
1667114011.638060, 71
1667114011.652661, 71
1667114011.667388, 71
1667114011.682355, 71
1667114011.697430, 71
1667114011.713816, 71
1667114011.726162, 71
1667114011.741485, 70
1667114011.755860, 71
1667114011.769999, 71
1667114011.784574, 71
1667114011.798653, 69
1667114011.813764, 71
1667114011.828806, 71
1667114011.844069, 72
1667114011.859525, 72
1667114011.874616, 71
1667114011.889674, 71
1667114011.905778, 72
1667114011.920296, 71
1667114011.934968, 71
1667114011.949558, 73
1667114011.962859, 72
1667114011.977890, 71
1667114011.992504, 71
1667114012.007082, 71
1667114012.023279, 71
1667114012.039275, 72
1667114012.058713, 71
1667114012.073425, 70
1667114012.091774, 71
1667114012.108348, 72
1667114012.127066, 72
1667114012.143358, 72
1667114012.159962, 72
1667114012.175545, 73
1667114012.191313, 73
1667114012.207611, 72
1667114012.223209, 73
1667114012.238300, 73
1667114012.254355, 72
1667114012.269925, 74
1667114012.285542, 72
1667114012.301029, 72
1667114012.316219, 71
1667114012.331727, 73
1667114012.347286, 72
1667114012.363351, 72
1667114012.378893, 72
1667114012.395441, 71
1667114012.412007, 74
1667114012.426613, 74
1667114012.442175, 73
1667114012.457765, 72
1667114012.473303, 73
1667114012.489716, 73
1667114012.502510, 73
1667114012.516675, 74
1667114012.531787, 74
1667114012.545345, 74
1667114012.559815, 74
1667114012.575111, 73
1667114012.590629, 72
1667114012.605813, 73
1667114012.621884, 73
1667114012.637861, 72
1667114012.653419, 73
1667114012.669980, 72
1667114012.686461, 72
1667114012.703553, 73
1667114012.718589, 74
1667114012.733236, 74
1667114012.748773, 75
1667114012.764346, 74
1667114012.779984, 74
1667114012.796033, 75
1667114012.812046, 74
1667114012.826627, 73
1667114012.842231, 74
1667114012.859710, 74
1667114012.875296, 73
1667114012.889901, 72
1667114012.904620, 73
1667114012.919607, 73
1667114012.933705, 74
1667114012.949296, 73
1667114012.963864, 73
1667114012.978472, 75
1667114012.993100, 75
1667114013.007253, 75
1667114013.021822, 75
1667114013.036420, 76
1667114013.050471, 74
1667114013.065164, 74
1667114013.080709, 75
1667114013.097243, 75
1667114013.112844, 75
1667114013.129408, 75
1667114013.145440, 76
1667114013.160458, 75
1667114013.176013, 74
1667114013.191626, 74
1667114013.207197, 74
1667114013.222763, 73
1667114013.237366, 75
1667114013.251537, 74
1667114013.266556, 74
1667114013.281185, 75
1667114013.297751, 76
1667114013.311851, 77
1667114013.326444, 76
1667114013.341583, 75
1667114013.354545, 75
1667114013.366842, 76
1667114013.379612, 75
1667114013.391679, 76
1667114013.403598, 76
1667114013.416082, 76
1667114013.428747, 76
1667114013.443050, 75
1667114013.457389, 75
1667114013.473231, 76
1667114013.488359, 75
1667114013.503406, 76
1667114013.518497, 76
1667114013.532613, 75
1667114013.547922, 75
1667114013.562924, 75
1667114013.578539, 77
1667114013.594076, 76
1667114013.608667, 77
1667114013.624218, 76
1667114013.639847, 76
1667114013.654046, 76
1667114013.668604, 76
1667114013.683158, 77
1667114013.697252, 77
1667114013.711406, 77
1667114013.725466, 77
1667114013.740050, 78
1667114013.755734, 75
1667114013.770244, 75
1667114013.785136, 74
1667114013.800703, 76
1667114013.816237, 76
1667114013.832797, 75
1667114013.848352, 76
1667114013.866836, 76
1667114013.883820, 76
1667114013.896598, 78
1667114013.912650, 77
1667114013.928189, 76
1667114013.943547, 77
1667114013.957146, 78
1667114013.970066, 78
1667114013.982402, 77
1667114013.994763, 77
1667114014.006748, 77
1667114014.020046, 78
1667114014.032863, 77
1667114014.047469, 78
1667114014.062194, 77
1667114014.077223, 75
1667114014.093629, 77
1667114014.107773, 76
1667114014.122778, 77
1667114014.138911, 77
1667114014.154508, 76
1667114014.171474, 77
1667114014.188999, 78
1667114014.206533, 78
1667114014.222079, 77
1667114014.235288, 78
1667114014.247426, 78
1667114014.259577, 78
1667114014.271987, 77
1667114014.284061, 79
1667114014.297530, 79
1667114014.310635, 78
1667114014.325295, 78
1667114014.339823, 79
1667114014.354995, 77
1667114014.369558, 78
1667114014.384597, 78
1667114014.399742, 78
1667114014.414432, 77
1667114014.427603, 78
1667114014.440043, 77
1667114014.452199, 78
1667114014.464211, 77
1667114014.476122, 77
1667114014.488763, 78
1667114014.501497, 79
1667114014.515026, 79
1667114014.530693, 79
1667114014.545270, 78
1667114014.559355, 80
1667114014.574484, 79
1667114014.588537, 78
1667114014.602637, 79
1667114014.617246, 80
1667114014.631855, 79
1667114014.646001, 79
1667114014.661069, 80
1667114014.676137, 78
1667114014.691286, 78
1667114014.706316, 78
1667114014.721452, 79
1667114014.735033, 78
1667114014.749657, 79
1667114014.763936, 79
1667114014.778842, 78
1667114014.793380, 79
1667114014.808044, 79
1667114014.823566, 79
1667114014.838178, 79
1667114014.853299, 79
1667114014.867377, 80
1667114014.882044, 79
1667114014.896061, 80
1667114014.910700, 79
1667114014.927698, 80
1667114014.943367, 81
1667114014.958038, 80
1667114014.973689, 78
1667114014.989692, 80
1667114015.004844, 79
1667114015.020924, 78
1667114015.036603, 80
1667114015.051391, 79
1667114015.068101, 79
1667114015.082706, 78
1667114015.097318, 81
1667114015.111901, 80
1667114015.126549, 80
1667114015.142076, 81
1667114015.156325, 81
1667114015.170891, 80
1667114015.186866, 79
1667114015.204378, 80
1667114015.223360, 80
1667114015.245303, 80
1667114015.264728, 81
1667114015.278345, 79
1667114015.294360, 79
1667114015.312385, 80
1667114015.331924, 79
1667114015.350554, 79
1667114015.366005, 80
1667114015.380536, 80
1667114015.396066, 80
1667114015.413758, 81
1667114015.431176, 81
1667114015.445720, 80
1667114015.461285, 80
1667114015.476453, 82
1667114015.492538, 81
1667114015.508035, 80
1667114015.523662, 81
1667114015.539210, 81
1667114015.554720, 81
1667114015.571302, 81
1667114015.586866, 81
1667114015.601473, 81
1667114015.615640, 80
1667114015.630669, 80
1667114015.645251, 81
1667114015.660393, 80
1667114015.675467, 79
1667114015.691081, 81
1667114015.706376, 80
1667114015.720466, 82
1667114015.732606, 82
1667114015.744760, 83
1667114015.756787, 83
1667114015.768864, 83
1667114015.782272, 82
1667114015.794961, 83
1667114015.809119, 81
1667114015.824744, 82
1667114015.840682, 82
1667114015.855813, 83
1667114015.871473, 82
1667114015.886993, 82
1667114015.902554, 79
1667114015.917212, 82
1667114015.931827, 82
1667114015.946867, 81
1667114015.961979, 82
1667114015.977538, 82
1667114015.991710, 81
1667114016.006341, 81
1667114016.021330, 82
1667114016.036913, 83
1667114016.051003, 83
1667114016.065142, 82
1667114016.081695, 83
1667114016.096316, 82
1667114016.111801, 81
1667114016.127420, 82
1667114016.142979, 83
1667114016.157577, 83
1667114016.173114, 84
1667114016.188749, 83
1667114016.204263, 84
1667114016.219833, 81
1667114016.239648, 82
1667114016.255471, 82
1667114016.269247, 81
1667114016.283416, 81
1667114016.295617, 83
1667114016.309130, 82
1667114016.323270, 82
1667114016.338696, 82
1667114016.352229, 83
1667114016.366854, 83
1667114016.385834, 82
1667114016.398974, 83
1667114016.411605, 83
1667114016.426232, 83
1667114016.441834, 82
1667114016.455993, 84
1667114016.470582, 84
1667114016.485579, 83
1667114016.500160, 83
1667114016.514380, 84
1667114016.530341, 82
1667114016.544952, 82
1667114016.560098, 84
1667114016.577152, 83
1667114016.593032, 83
1667114016.605363, 83
1667114016.621612, 83
1