  1
  1
  1
  1
  1
  1
  1
  1
  1
  1
  1
  2
  4
  8
 16
 16
 31
 58
 74
101
 51
 66
 66
 66
 66
 66
 66
 66
 66
 66
 66
 66
 66
 66
 66
 66
 66
 66
 66
 66
 66
  1
  1
  1
  2
  2
  4
  8
 16
 16
 32
 23
 26
 28
 20
 20
 23
 28
 31
 46
 63
 78
 90
 50
 50
 56
 56
 56
 56
 56
 56
 56
 56
 56
 56
 56
 56
 56
 56
 56
 56
 56
 56
 56
  1
  1
  2
  3
  4
  4
  6
  3
  3
  5
  5
  7
 11
 16
  9
  9
 11
 17
 25
 14
 14
 18
 27
 40
 53
 57
 77
 91
106
 60
 67
 67
 67
 67
 67
 67
 67
 67
 67
 67
 67
 67
 67
 67
 67
 67
 67
 67
 67
 67
  1
  1
 26
 38
 25
 25
 31
 46
 59
 31
 31
 16
 16
 16
 17
 20
 20
 29
 44
 51
 66
 66
 35
 52
 56
 67
 73
 37
 25
 29
 43
 21
 31
 31
 43
 53
 71
 87
 44
 45
 45
 45
 45
 45
 45
 45
 45
 45
 45
 45
 45
 45
 45
 45
 45
 45
 45
 45
 45
 45
  1
  1
 30
 36
 52
 52
 26
 39
 55
 27
 40
 27
 27
 27
 33
 33
 33
 33
 33
 33
 33
 33
 33
 33
 33
 33
 33
 33
 33
 33
 33
 33
 33
 33
  1
  8
 16
 16
 24
 35
 52
 52
 56
 32
 33
 33
 33
 17
 17
 18
 18
 18
 19
 19
 20
 20
 20
 21
 21
 22
 22
 22
 24
 15
  8
 12
  6
  6
  6
  7
 10
 10
  5
  6
  9
 14
 18
 21
 31
 47
 24
 24
 25
 25
 25
 12
 13
 13
 13
 14
 20
 30
 42
 42
 51
 25
 35
 35
 35
 35
 35
 35
 35
 35
 35
 35
 35
 35
 35
 35
 35
 35
 35
 35
 35
 35
  1
  5
  5
  6
  3
  3
  3
  4
  6
  3
  3
  4
  6
  9
  9
  5
  6
  9
  9
 13
  6
  8
 12
 18
 18
 27
 40
 51
 62
 63
 40
 47
 59
 64
 64
 64
 64
 64
 64
 64
 64
 64
 64
 64
 64
 64
 64
 64
 64
 64
 64
 64
 64
 64
 64
 64
 64
 64
 64
 64
 64
 64
 64
 64
 64
 64
 64
 64
 64
 64
 64
 64
 64
 64
 64
 64
 64
 64
 64
 64
 64
 64
 64
 64
 64
 64
 64
 64
 64
 64
 64
 64
 64
 64
 64
 64
 64
 64
 64
 64
 64
 64
 64
 64
 64
 64
 64
 64
 64
 64
 64
 64
 64
 64
 64
 64
 64
 64
 64
 64
 64
 64
 64
 64
 64
 64
 64
 64
 64
 64
 64
 64
 64
 64
 64
 64
 64
 64
 64
 64
 64
 64
 64
 64
 64
 64
 64
 64
 64
 64
 64
 64
 64
 64
 64
 64
 64
 64
 64
 64
 64
 64
 64
 64
 64
 64
 64
 64
 64
 64
 64
 64
 64
 64
 64
 64
 64
 64
 64
 64
 64
 64
 64
 64
 64
 64
 64
 64
 64
 64
 64
 64
 64
 64
 64
 64
 64
 64
 64
 64
 64
 64
 64
 64
 64
 64
 64
 64
 64
 64
 64
 64
 64
 64
 64
 64
 64
