1667114412.692955, 0
1667114412.710302, 2
1667114412.732211, 0
1667114412.749731, 0
1667114412.764425, 7
1667114412.782350, 6
1667114412.795408, 12
1667114412.813983, 16
1667114412.828041, 20
1667114412.847644, 20
1667114412.859958, 19
1667114412.876164, 20
1667114412.890797, 19
1667114412.909259, 18
1667114412.923931, 19
1667114412.937490, 20
1667114412.949841, 19
1667114412.962324, 20
1667114412.975862, 19
1667114412.988162, 20
1667114413.000308, 19
1667114413.013443, 19
1667114413.027716, 20
1667114413.047523, 19
1667114413.060474, 20
1667114413.073791, 18
1667114413.086087, 18
1667114413.098967, 20
1667114413.112861, 19
1667114413.128379, 19
1667114413.145642, 18
1667114413.161480, 18
1667114413.180463, 15
1667114413.204233, 20
1667114413.220092, 19
1667114413.232863, 16
1667114413.247317, 18
1667114413.259819, 18
1667114413.274105, 15
1667114413.288668, 16
1667114413.302581, 15
1667114413.317209, 13
1667114413.332318, 13
1667114413.350854, 14
1667114413.366803, 15
1667114413.382449, 13
1667114413.397630, 13
1667114413.415496, 14
1667114413.431073, 14
1667114413.447605, 14
1667114413.464243, 14
1667114413.480453, 14
1667114413.496851, 14
1667114413.512840, 15
1667114413.529355, 15
1667114413.545921, 15
1667114413.561495, 15
1667114413.576695, 15
1667114413.592669, 13
1667114413.610168, 14
1667114413.626708, 15
1667114413.641380, 16
1667114413.657903, 16
1667114413.674963, 16
1667114413.694799, 16
1667114413.710403, 15
1667114413.725978, 15
1667114413.745463, 15
1667114413.761041, 15
1667114413.775651, 16
1667114413.790211, 16
1667114413.808437, 16
1667114413.826673, 15
1667114413.847664, 17
1667114413.863745, 18
1667114413.882311, 16
1667114413.899235, 17
1667114413.915758, 18
1667114413.936185, 17
1667114413.951328, 17
1667114413.967893, 18
1667114413.983910, 17
1667114413.999457, 18
1667114414.020911, 18
1667114414.035493, 19
1667114414.052087, 19
1667114414.069572, 19
1667114414.087169, 19
1667114414.105596, 19
1667114414.120178, 18
1667114414.135838, 19
1667114414.155311, 20
1667114414.173687, 19
1667114414.189258, 19
1667114414.209888, 20
1667114414.229131, 19
1667114414.244753, 20
1667114414.262330, 19
1667114414.285696, 19
1667114414.306039, 20
1667114414.322886, 19
1667114414.345043, 19
1667114414.360571, 11
1667114414.379595, 8
1667114414.395603, 7
1667114414.419915, 7
1667114414.435588, 8
1667114414.454094, 8
1667114414.471531, 8
1667114414.491968, 8
1667114414.508540, 8
1667114414.523633, 8
1667114414.542558, 9
1667114414.558131, 8
1667114414.574495, 10
1667114414.591832, 9
1667114414.613651, 9
1667114414.629214, 10
1667114414.644776, 10
1667114414.660459, 12
1667114414.678844, 10
1667114414.695436, 11
1667114414.710603, 11
1667114414.726551, 12
1667114414.746965, 10
1667114414.762554, 11
1667114414.778121, 12
1667114414.795787, 12
1667114414.813216, 12
1667114414.829710, 12
1667114414.846251, 12
1667114414.863767, 12
1667114414.880933, 13
1667114414.894950, 14
1667114414.907719, 13
1667114414.921054, 13
1667114414.935855, 13
1667114414.955262, 14
1667114414.971825, 14
1667114414.989329, 14
1667114415.006400, 14
1667114415.024372, 14
1667114415.037085, 14
1667114415.049731, 15
1667114415.062398, 16
1667114415.082824, 15
1667114415.096990, 15
1667114415.109728, 16
1667114415.122258, 15
1667114415.135315, 15
1667114415.147970, 15
1667114415.166422, 15
1667114415.180638, 16
1667114415.193741, 16
1667114415.206209, 16
1667114415.219150, 16
1667114415.232654, 16
1667114415.248197, 16
1667114415.264366, 18
1667114415.279350, 18
1667114415.294505, 17
1667114415.313439, 17
1667114415.329020, 16
1667114415.345575, 16
1667114415.360245, 17
1667114415.380665, 17
1667114415.397211, 19
1667114415.414639, 19
1667114415.429847, 19
1667114415.446302, 18
1667114415.461929, 18
1667114415.476896, 19
1667114415.492233, 20
1667114415.510078, 19
1667114415.525617, 18
1667114415.540205, 19
1667114415.554858, 19
1667114415.578068, 19
1667114415.590862, 18
1667114415.606874, 20
1667114415.623043, 19
1667114415.641418, 19
1667114415.656031, 20
1667114415.673607, 20
1667114415.690086, 19
1667114415.705717, 20
1667114415.723204, 20
1667114415.738096, 18
1667114415.754295, 18
1667114415.769889, 11
1667114415.785468, 9
1667114415.800138, 8
1667114415.817612, 8
1667114415.832208, 9
1667114415.847767, 8
1667114415.862413, 10
1667114415.877994, 7
1667114415.893655, 9
1667114415.909818, 9
1667114415.925819, 9
1667114415.941216, 11
1667114415.956843, 8
1667114415.972371, 10
1667114415.986973, 9
1667114416.004044, 10
1667114416.018651, 10
1667114416.034214, 10
1667114416.049556, 12
1667114416.068291, 10
1667114416.083815, 10
1667114416.098895, 11
1667114416.114955, 12
1667114416.130605, 11
1667114416.147049, 11
1667114416.162617, 11
1667114416.178207, 11
1667114416.192864, 12
1667114416.215193, 12
1667114416.230371, 12
1667114416.246351, 12
1667114416.262055, 12
1667114416.280690, 14
1667114416.295878, 13
1667114416.310850, 14
1667114416.325449, 12
1667114416.344880, 13
1667114416.359454, 14
1667114416.376051, 14
1667114416.391160, 14
1667114416.406708, 14
1667114416.421842, 14
1667114416.437353, 15
1667114416.453962, 16
1667114416.471447, 16
1667114416.487987, 16
1667114416.506491, 15
1667114416.520597, 16
1667114416.536202, 17
1667114416.550950, 16
1667114416.567294, 16
1667114416.584331, 18
1667114416.599908, 17
1667114416.615482, 17
1667114416.631052, 17
1667114416.647132, 18
1667114416.662754, 16
1667114416.678751, 16
1667114416.693404, 17
1667114416.709864, 17
1667114416.725120, 16
1667114416.738693, 17
1667114416.751529, 17
1667114416.767110, 17
1667114416.779519, 17
1667114416.792415, 17
1667114416.804914, 17
1667114416.820591, 17
1667114416.840494, 19
1667114416.856506, 19
1667114416.873126, 18
1667114416.888791, 17
1667114416.903946, 18
1667114416.916936, 19
1667114416.929494, 19
1667114416.941692, 19
1667114416.953780, 19
1667114416.968518, 19
1667114416.986954, 19
1667114417.002112, 19
1667114417.019995, 19
1667114417.033911, 19
1667114417.050230, 18
1667114417.067551, 19
1667114417.080369, 20
1667114417.095475, 19
1667114417.110499, 19
1667114417.125576, 11
1667114417.142158, 7
1667114417.156716, 8
1667114417.172282, 8
1667114417.186852, 8
1667114417.206344, 8
1667114417.220972, 8
1667114417.236077, 9
1667114417.251210, 9
1667114417.270121, 9
1667114417.286178, 10
1667114417.301770, 8
1667114417.317403, 10
1667114417.336335, 9
1667114417.352328, 9
1667114417.367459, 10
1667114417.382498, 10
1667114417.397256, 9
1667114417.414635, 9
1667114417.430230, 10
1667114417.446303, 11
1667114417.461826, 11
1667114417.482328, 11
1667114417.497394, 11
1667114417.513923, 11
1667114417.529591, 11
1667114417.549811, 12
1667114417.566208, 12
1667114417.583007, 12
1667114417.602545, 13
1667114417.620000, 13
1667114417.635200, 14
1667114417.651693, 13
1667114417.667668, 13
1667114417.682827, 14
1667114417.701810, 13
1667114417.717836, 14
1667114417.733954, 15
1667114417.749454, 13
1667114417.767943, 13
1667114417.782522, 14
1667114417.797131, 14
1667114417.811795, 13
1667114417.827299, 15
1667114417.845808, 15
1667114417.861484, 16
1667114417.876545, 15
1667114417.892164, 15
1667114417.910028, 15
1667114417.925626, 15
1667114417.941159, 17
1667114417.956871, 16
1667114417.975021, 16
1667114417.990808, 17
1667114418.005944, 18
1667114418.022500, 18
1667114418.039414, 17
1667114418.052106, 17
1667114418.065873, 17
1667114418.078551, 17
1667114418.091064, 16
1667114418.104644, 18
1667114418.117444, 17
1667114418.133418, 18
1667114418.148570, 18
1667114418.165105, 18
1667114418.177292, 19
1667114418.189494, 18
1667114418.202917, 17
1667114418.215995, 19
1667114418.230292, 20
1667114418.248994, 19
1667114418.264567, 19
1667114418.281151, 19
1667114418.296693, 19
1667114418.311852, 19
1667114418.327814, 19
1667114418.342393, 20
1667114418.357541, 20
1667114418.374569, 19
1667114418.389659, 20
1667114418.405739, 19
1667114418.420825, 19
1667114418.437828, 19
1667114418.453427, 19
1667114418.468998, 19
1667114418.484636, 13
1667114418.501649, 12
1667114418.515288, 9
1667114418.528357, 9
1667114418.541127, 7
1667114418.555362, 8
1667114418.568005, 9
1667114418.580867, 9
1667114418.593093, 8
1667114418.608262, 10
1667114418.625310, 8
1667114418.637769, 9
1667114418.651055, 9
1667114418.666432, 8
1667114418.681148, 9
1667114418.695780, 9
1667114418.712272, 8
1667114418.727432, 10
1667114418.742974, 10
1667114418.757063, 10
1667114418.774145, 11
1667114418.789333, 10
1667114418.805705, 9
1667114418.821350, 11
1667114418.837879, 11
1667114418.853390, 11
1667114418.870009, 11
1667114418.886553, 11
1667114418.903090, 12
1667114418.918592, 12
1667114418.934675, 13
1667114418.949645, 12
1667114418.968516, 13
1667114418.984796, 12
1667114419.001348, 14
1667114419.016964, 13
1667114419.033007, 13
1667114419.050450, 13
1667114419.067367, 13
1667114419.084335, 14
1667114419.103796, 13
1667114419.117431, 13
1667114419.134069, 13
1667114419.149530, 14
1667114419.169998, 15
1667114419.183619, 14
1667114419.200135, 16
1667114419.215783, 15
1667114419.235164, 14
1667114419.251769, 16
1667114419.268300, 17
1667114419.284935, 15
1667114419.302947, 16
1667114419.319003, 16
1667114419.335448, 16
1667114419.351844, 17
1667114419.371562, 16
1667114419.388939, 15
1667114419.405508, 17
1667114419.421185, 17
1667114419.440160, 17
1667114419.456257, 17
1667114419.472255, 17
1667114419.488787, 18
1667114419.507779, 17
1667114419.522879, 18
1667114419.537437, 19
1667114419.551990, 18
1667114419.567190, 19
1667114419.583485, 19
1667114419.602617, 18
1667114419.618203, 18
1667114419.633304, 18
1667114419.648045, 19
1667114419.665928, 19
1667114419.681977, 19
1667114419.697570, 19
1667114419.712259, 19
1667114419.733619, 19
1667114419.749135, 19
1667114419.765685, 20
1667114419.779660, 19
1667114419.797805, 18
1667114419.814228, 18
1667114419.830901, 18
1667114419.847010, 14
1667114419.863535, 7
1667114419.877173, 5
1667114419.891720, 7
1667114419.906849, 7
1667114419.922090, 8
1667114419.935758, 6
1667114419.948697, 7
1667114419.961618, 8
1667114419.973777, 9
1667114419.986275, 8
1667114420.001791, 8
1667114420.015923, 9
1667114420.031427, 9
1667114420.047535, 9
1667114420.065577, 10
1667114420.078235, 9
1667114420.094708, 9
1667114420.110351, 9
1667114420.127888, 9
1667114420.140525, 10
1667114420.156067, 10
1667114420.172143, 10
1667114420.190609, 11
1667114420.206181, 12
1667114420.220766, 11
1667114420.236390, 11
1667114420.255306, 11
1667114420.269914, 11
1667114420.284551, 11
1667114420.299087, 13
1667114420.316886, 13
1667114420.329904, 12
1667114420.344893, 12
1667114420.360503, 14
1667114420.374591, 13
1667114420.389771, 14
1667114420.407170, 13
1667114420.421364, 13
1667114420.437336, 12
1667114420.450579, 14
1667114420.464128, 15
1667114420.476442, 14
1667114420.488716, 13
1667114420.500996, 13
1667114420.513456, 14
1667114420.532772, 15
1667114420.548141, 15
1667114420.564861, 15
1667114420.579451, 14
1667114420.595015, 14
1667114420.610615, 16
1667114420.627121, 16
1667114420.641321, 15
1667114420.658315, 15
1667114420.674793, 17
1667114420.688863, 16
1667114420.701198, 15
1667114420.715400, 16
1667114420.728127, 17
1667114420.741227, 16
1667114420.755221, 16
1667114420.769278, 16
1667114420.784547, 18
1667114420.804368, 17
1667114420.820215, 16
1667114420.836505, 17
1667114420.853077, 17
1667114420.870582, 16
1667114420.885655, 19
1667114420.901749, 19
1667114420.915422, 19
1667114420.930018, 18
1667114420.942321, 18
1667114420.954556, 19
1667114420.967285, 18
1667114420.980476, 19
1667114420.997475, 18
1667114421.012991, 20
1667114421.030531, 18
1667114421.046104, 19
1667114421.063681, 19
1667114421.078328, 19
1667114421.094328, 19
1667114421.107622, 18
1667114421.121142, 19
1667114421.133466, 19
1667114421.145896, 20
1667114421.158758, 19
1667114421.171652, 18
1667114421.186267, 19
1667114421.202811, 16
1667114421.218391, 9
1667114421.235977, 6
1667114421.248565, 8
1667114421.269069, 7
1667114421.281641, 7
1667114421.297186, 8
1667114421.312752, 7
1667114421.334453, 7
1667114421.346828, 8
1667114421.362474, 8
1667114421.376989, 8
1667114421.397549, 9
1667114421.411611, 10
1667114421.426764, 9
1667114421.441289, 9
1667114421.455833, 9
1667114421.470507, 10
1667114421.489004, 10
1667114421.504573, 10
1667114421.520644, 10
1667114421.535836, 10
1667114421.552797, 11
1667114421.567565, 12
1667114421.582883, 11
1667114421.599055, 11
1667114421.614740, 11
1667114421.636895, 11
1667114421.651481, 12
1667114421.668023, 12
1667114421.683620, 12
1667114421.699159, 12
1667114421.714301, 12
1667114421.730323, 13
1667114421.745916, 13
1667114421.764015, 13
1667114421.778533, 13
1667114421.794605, 13
1667114421.810206, 13
1667114421.828311, 14
1667114421.844213, 14
1667114421.859830, 14
1667114421.874376, 15
1667114421.896400, 14
1667114421.911362, 14
1667114421.927031, 15
1667114421.941596, 15
1667114421.964871, 14
1667114421.979471, 15
1667114421.994101, 15
1667114422.009674, 15
1667114422.029199, 16
1667114422.045759, 15
1667114422.061217, 17
1667114422.076359, 16
1667114422.093882, 16
1667114422.108533, 16
1667114422.124053, 16
1667114422.138141, 18
1667114422.153837, 17
1667114422.169357, 16
1667114422.185746, 17
1667114422.201423, 17
1667114422.219520, 17
1667114422.235529, 17
1667114422.251065, 18
1667114422.266581, 18
1667114422.283719, 18
1667114422.299426, 19
1667114422.315282, 18
1667114422.330844, 19
1667114422.348354, 19
1667114422.363044, 18
1667114422.378548, 18
1667114422.393173, 18
1667114422.410683, 19
1667114422.425274, 19
1667114422.439828, 19
1667114422.454496, 19
1667114422.469089, 18
1667114422.484627, 18
1667114422.499621, 19
1667114422.512029, 19
1667114422.524914, 19
1667114422.536973, 19
1667114422.548963, 19
1667114422.564444, 19
1667114422.578593, 11
1667114422.596112, 6
1667114422.611198, 7
1667114422.628701, 6
1667114422.644505, 8
1667114422.659824, 7
1667114422.675401, 6
1667114422.693889, 8
1667114422.709458, 8
1667114422.725090, 8
1667114422.740253, 9
1667114422.759079, 9
1667114422.774167, 9
1667114422.792191, 10
1667114422.807346, 9
1667114422.823841, 9
1667114422.839185, 10
1667114422.855497, 11
1667114422.871032, 11
1667114422.885692, 10
1667114422.902168, 10
1667114422.916747, 12
1667114422.930399, 11
1667114422.943638, 11
1667114422.958149, 12
1667114422.970347, 12
1667114422.984094, 12
1667114422.996674, 12
1667114423.009313, 11
1667114423.029258, 13
1667114423.047175, 12
1667114423.059838, 11
1667114423.075400, 12
1667114423.091962, 13
1667114423.107565, 14
1667114423.123633, 14
1667114423.136901, 15
1667114423.152180, 14
1667114423.164967, 14
1667114423.177049, 13
1667114423.190276, 14
1667114423.204865, 14
1667114423.219606, 14
1667114423.239897, 13
1667114423.255525, 15
1667114423.271080, 14
1667114423.285756, 16
1667114423.307113, 17
1667114423.322170, 16
1667114423.337792, 15
1667114423.353791, 16
1667114423.372293, 16
1667114423.387430, 15
1667114423.404416, 16
1667114423.418071, 17
1667114423.437535, 16
1667114423.452143, 17
1667114423.467722, 17
1667114423.483253, 17
1667114423.496448, 16
1667114423.508633, 18
1667114423.521157, 18
1667114423.533551, 17
1667114423.547956, 17
1667114423.562547, 18
1667114423.579153, 17
1667114423.594695, 17
1667114423.610215, 19
1667114423.625850, 20
1667114423.642388, 19
1667114423.657128, 17
1667114423.672890, 18
1667114423.688512, 19
1667114423.702131, 18
1667114423.714813, 19
1667114423.727455, 19
1667114423.739465, 20
1667114423.751637, 19
1667114423.764158, 19
1667114423.782599, 19
1667114423.797316, 19
1667114423.814700, 19
1667114423.829304, 20
1667114423.843499, 19
1667114423.859572, 19
1667114423.875123, 19
1667114423.890143, 20
1667114423.905833, 19
1667114423.922263, 18
1667114423.937373, 18
1667114423.953940, 18
1667114423.969021, 15
1667114423.987515, 8
1667114424.002149, 5
1667114424.018171, 6
1667114424.033472, 6
1667114424.048511, 7
1667114424.060885, 7
1667114424.075204, 8
1667114424.088091, 8
1667114424.100486, 8
1667114424.119927, 8
1667114424.136525, 8
1667114424.151571, 9
1667114424.166645, 8
1667114424.182297, 9
1667114424.198287, 10
1667114424.214313, 9
1667114424.228888, 11
1667114424.246461, 10
1667114424.261059, 9
1667114424.276653, 11
1667114424.291737, 11
1667114424.307377, 9
1667114424.324299, 11
1667114424.338958, 12
1667114424.355401, 11
1667114424.370887, 11
1667114424.387523, 11
1667114424.403115, 12
1667114424.418671, 12
1667114424.433854, 13
1667114424.455664, 12
1667114424.471777, 12
1667114424.487355, 13
1667114424.502116, 13
1667114424.518195, 13
1667114424.530428, 13
1667114424.543280, 13
1667114424.555398, 14
1667114424.567584, 14
1667114424.581641, 14
1667114424.600150, 14
1667114424.616227, 15
1667114424.630817, 14
1667114424.644628, 13
1667114424.657296, 14
1667114424.669486, 15
1667114424.684773, 14
1667114424.696922, 15
1667114424.708962, 15
1667114424.721486, 16
1667114424.735573, 16
1667114424.749708, 16
1667114424.771146, 15
1667114424.786678, 15
1667114424.801290, 16
1667114424.815872, 16
1667114424.834485, 16
1667114424.848954, 16
1667114424.864035, 17
1667114424.878948, 17
1667114424.894783, 17
1667114424.912740, 17
1667114424.927831, 17
1667114424.943337, 17
1667114424.958043, 18
1667114424.976504, 18
1667114424.990596, 18
1667114425.005655, 18
1667114425.020263, 18
1667114425.035818, 19
1667114425.055792, 19
1667114425.069911, 18
1667114425.085453, 19
1667114425.100034, 19
1667114425.114706, 18
1667114425.131181, 19
1667114425.147716, 20
1667114425.163389, 19
1667114425.178497, 19
1667114425.196079, 19
1667114425.214892, 20
1667114425.229541, 19
1667114425.245125, 19
1667114425.260746, 19
1667114425.276225, 20
1667114425.291769, 19
1667114425.307419, 19
1667114425.323892, 20
1667114425.340499, 18
1667114425.356031, 19
1667114425.370592, 18
1667114425.385754, 10
1667114425.403271, 5
1667114425.418373, 7
1667114425.434846, 8
1667114425.450521, 7
1667114425.467522, 8
1667114425.482632, 8
1667114425.497157, 8
1667114425.512257, 7
1667114425.528363, 8
1667114425.542898, 9
1667114425.558488, 8
1667114425.571722, 8
1667114425.584542, 9
1667114425.597821, 10
1667114425.610195, 10
1667114425.623283, 9
1667114425.635402, 10
1667114425.647566, 10
1667114425.666500, 10
1667114425.681111, 10
1667114425.696227, 10
1667114425.710312, 10
1667114425.724989, 12
1667114425.743626, 10
1667114425.756053, 11
1667114425.771201, 12
1667114425.786041, 10
1667114425.803823, 12
1667114425.819318, 12
1667114425.834895, 12
1667114425.848549, 13
1667114425.861195, 12
1667114425.874026, 13
1667114425.886433, 11
1667114425.899271, 12
1667114425.912763, 14
1667114425.925373, 14
1667114425.940576, 13
1667114425.955567, 13
1667114425.971140, 14
1667114425.987778, 14
1667114426.004246, 14
1667114426.017873, 14
1667114426.033445, 15
1667114426.049021, 14
1667114426.066550, 15
1667114426.082096, 14
1667114426.095570, 16
1667114426.108591, 15
1667114426.120644, 16
1667114426.132850, 16
1667114426.146001, 16
1667114426.158060, 16
1667114426.173621, 16
1667114426.189306, 17
1667114426.209649, 15
1667114426.225174, 17
1667114426.240751, 16
1667114426.257409, 17
1667114426.277799, 17
1667114426.292351, 16
1667114426.307895, 17
1667114426.323030, 17
1667114426.340999, 17
1667114426.356118, 18
1667114426.372165, 16
1667114426.387706, 17
1667114426.408247, 18
1667114426.423731, 18
1667114426.438326, 18
1667114426.453993, 18
1667114426.473916, 19
1667114426.488991, 18
1667114426.504507, 19
1667114426.520051, 19
1667114426.539550, 19
1667114426.555130, 19
1667114426.571218, 19
1667114426.585914, 19
1667114426.603402, 20
1667114426.618377, 18
1667114426.635351, 19
1667114426.648094, 19
1667114426.662736, 19
1667114426.677760, 19
1667114426.693342, 19
1667114426.708944, 17
1667114426.724639, 10
1667114426.741119, 5
1667114426.755640, 6
1667114426.771211, 6
1667114426.786748, 6
1667114426.805309, 8
1667114426.819401, 7
1667114426.834478, 7
1667114426.851021, 8
1667114426.869073, 8
1667114426.884084, 8
1667114426.899676, 9
1667114426.915247, 9
1667114426.933710, 9
1667114426.949301, 9
1667114426.964843, 10
1667114426.978019, 10
1667114426.990935, 9
1667114427.005295, 11
1667114427.017471, 11
1667114427.029523, 10
1667114427.043332, 10
1667114427.055933, 11
1667114427.073929, 11
1667114427.087361, 11
1667114427.100229, 11
1667114427.112752, 12
1667114427.125764, 11
1667114427.139104, 13
1667114427.153691, 10
1667114427.171242, 12
1667114427.186019, 12
1667114427.206252, 11
1667114427.219887, 12
1667114427.233964, 13
1667114427.247242, 13
1667114427.261902, 12
1667114427.274259, 14
1667114427.286743, 13
1667114427.299648, 13
1667114427.311900, 13
1667114427.332348, 14
1667114427.349363, 14
1667114427.368835, 13
1667114427.384401, 14
1667114427.398996, 14
1667114427.415536, 13
1667114427.431065, 15
1667114427.445216, 15
1667114427.458469, 15
1667114427.472175, 15
1667114427.484586, 15
1667114427.497042, 15
1667114427.509909, 16
1667114427.522604, 15
1667114427.539113, 16
1667114427.552643, 17
1667114427.565344, 17
1667114427.577706, 16
1667114427.589716, 16
1667114427.602366, 16
1667114427.617614, 16
1667114427.632209, 16
1667114427.646801, 17
1667114427.664405, 17
1667114427.678870, 17
1667114427.693486, 16
1667114427.708058, 17
1667114427.725639, 17
1667114427.740239, 17
1667114427.754804, 18
1667114427.769386, 18
1667114427.785992, 18
1667114427.802506, 17
1667114427.817106, 18
1667114427.832637, 18
1667114427.846072, 18
1667114427.858376, 19
1667114427.871828, 19
1667114427.884415, 20
1667114427.896853, 20
1667114427.909614, 19
1667114427.922228, 19
1667114427.938453, 20
1667114427.954336, 18
1667114427.969902, 19
1667114427.986210, 19
1667114427.998895, 19
1667114428.019562, 19
1667114428.035122, 19
1667114428.050428, 20
1667114428.066621, 19
1667114428.082972, 18
1667114428.097662, 17
1667114428.114124, 18
1667114428.128751, 11
1667114428.144702, 6
1667114428.162578, 8
1667114428.178654, 7
1667114428.193298, 7
1667114428.208928, 8
1667114428.226326, 7
1667114428.241892, 7
1667114428.256530, 7
1667114428.272069, 9
1667114428.286649, 8
1667114428.305151, 9
1667114428.319746, 9
1667114428.337306, 9
1667114428.352970, 9
1667114428.371358, 9
1667114428.388731, 10
1667114428.404225, 10
1667114428.417085, 9
1667114428.429498, 10
1667114428.444598, 11
1667114428.457546, 10
1667114428.470640, 12
1667114428.488154, 11
1667114428.505689, 10
1667114428.520318, 11
1667114428.535870, 11
1667114428.549449, 12
1667114428.564597, 11
1667114428.578709, 12
1667114428.595217, 11
1667114428.610777, 11
1667114428.625890, 13
1667114428.641012, 13
1667114428.658496, 13
1667114428.673602, 13
1667114428.688341, 14
1667114428.704212, 14
1667114428.721760, 14
1667114428.736397, 14
1667114428.751897, 13
1667114428.768000, 13
1667114428.785523, 15
1667114428.800566, 14
1667114428.817225, 14
1667114428.832291, 15
1667114428.847032, 16
1667114428.865778, 15
1667114428.880449, 15
1667114428.896455, 16
1667114428.912187, 16
1667114428.931058, 15
1667114428.946123, 15
1667114428.961205, 16
1667114428.974957, 16
1667114428.992425, 16
1667114429.006915, 16
1667114429.021516, 16
1667114429.036150, 16
1667114429.052203, 17
1667114429.068760, 17
1667114429.083807, 17
1667114429.099388, 16
1667114429.116911, 17
1667114429.133460, 17
1667114429.149046, 17
1667114429.164313, 18
1667114429.180268, 18
1667114429.195750, 18
1667114429.212331, 17
1667114429.224957, 19
1667114429.239059, 19
1667114429.254123, 19
1667114429.267799, 19
1667114429.280556, 18
1667114429.293477, 18
1667114429.305696, 18
1667114429.318566, 19
1667114429.330993, 20
1667114429.345737, 19
1667114429.364095, 19
1667114429.378702, 19
1667114429.393327, 17
1667114429.408110, 19
1667114429.425930, 19
1667114429.441080, 19
1667114429.458516, 19
1667114429.472869, 19
1667114429.494587, 17
1667114429.510019, 9
1667114429.528191, 5
1667114429.542244, 6
1667114429.558824, 6
1667114429.574942, 7
1667114429.590941, 7
1667114429.606209, 7
1667114429.625473, 8
1667114429.641560, 8
1667114429.658100, 7
1667114429.674571, 8
1667114429.689746, 9
1667114429.707688, 9
1667114429.723331, 9
1667114429.738885, 9
1667114429.754945, 10
1667114429.774359, 10
1667114429.789419, 9
1667114429.805983, 11
1667114429.821587, 10
1667114429.837178, 11
1667114429.856714, 12
1667114429.872812, 11
1667114429.890199, 12
1667114429.906344, 12
1667114429.923771, 12
1667114429.938359, 12
1667114429.953937, 12
1667114429.970561, 10
1667114429.987055, 11
1667114430.001611, 13
1667114430.017215, 13
1667114430.033343, 13
1667114430.052276, 14
1667114430.067361, 13
1667114430.083376, 12
1667114430.097953, 14
1667114430.111428, 14
1667114430.128209, 15
1667114430.140809, 14
1667114430.153047, 13
1667114430.165283, 14
1667114430.177813, 14
1667114430.193387, 14
1667114430.207503, 14
1667114430.222552, 15
1667114430.236222, 15
1667114430.251738, 15
1667114430.267351, 15
1667114430.281931, 15
1667114430.296413, 15
1667114430.311848, 14
1667114430.328665, 16
1667114430.343211, 17
1667114430.357868, 16
1667114430.372640, 17
1667114430.390629, 17
1667114430.406539, 16
1667114430.420169, 16
1667114430.432799, 17
1667114430.447254, 17
1667114430.460073, 18
1667114430.472803, 17
1667114430.485001, 18
1667114430.497204, 18
1667114430.513650, 17
1667114430.528152, 17
1667114430.543731, 18
1667114430.558313, 18
1667114430.574148, 18
1667114430.595409, 19
1667114430.609417, 18
1667114430.622240, 19
1667114430.634432, 20
1667114430.647353, 18
1667114430.660539, 18
1667114430.673256, 19
1667114430.687602, 19
1667114430.703195, 20
1667114430.720875, 20
1667114430.736540, 19
1667114430.751067, 19
1667114430.765451, 19
1667114430.785148, 19
1667114430.800719, 19
1667114430.816268, 18
1667114430.829587, 18
1667114430.845938, 18
1667114430.858218, 16
1667114430.870758, 11
1667114430.883731, 6
1667114430.896061, 6
1667114430.916512, 6
1667114430.931099, 6
1667114430.945700, 7
1667114430.961293, 7
1667114430.975710, 7
1667114430.995362, 8
1667114431.010485, 8
1667114431.026490, 9
1667114431.040806, 10
1667114431.055856, 9
1667114431.068066, 9
1667114431.080282, 9
1667114431.093094, 10
1667114431.106354, 9
1667114431.120441, 10
1667114431.132680, 10
1667114431.145030, 10
1667114431.157082, 11
1667114431.169658, 10
1667114431.186188, 9
1667114431.201786, 11
1667114431.217279, 11
1667114431.232614, 11
1667114431.251228, 11
1667114431.266972, 11
1667114431.282594, 12
1667114431.295879, 11
1667114431.310716, 11
1667114431.323156, 12
1667114431.335781, 12
1667114431.347743, 12
1667114431.360560, 13
1667114431.373123, 14
1667114431.392664, 13
1667114431.409763, 12
1667114431.424230, 13
1667114431.438385, 14
1667114431.456367, 12
1667114431.472010, 14
1667114431.488490, 14
1667114431.503065, 14
1667114431.520719, 14
1667114431.535690, 14
1667114431.550312, 15
1667114431.566376, 13
1667114431.583928, 16
1667114431.599473, 15
1667114431.614067, 15
1667114431.628633, 15
1667114431.645328, 16
1667114431.663239, 15
1667114431.679281, 16
1667114431.695030, 16
1667114431.714296, 16
1667114431.728873, 15
1667114431.743479, 16
1667114431.757776, 17
1667114431.777631, 16
1667114431.792160, 17
1667114431.808708, 17
1667114431.825240, 17
1667114431.839922, 16
1667114431.855153, 17
1667114431.868095, 17
1667114431.881770, 17
1667114431.894356, 18
1667114431.907102, 18
1667114431.923133, 18
1667114431.938678, 18
1667114431.954760, 19
1667114431.970287, 18
1667114431.989354, 18
1667114432.005078, 18
1667114432.020889, 19
1667114432.037584, 19
1667114432.055683, 19
1667114432.071892, 19
1667114432.087404, 20
1667114432.103358, 20
1667114432.120921, 18
1667114432.136566, 18
1667114432.152673, 19
1667114432.167839, 18
1667114432.183394, 19
1667114432.198935, 19
1667114432.213988, 18
1667114432.229888, 12
1667114432.245236, 8
1667114432.259101, 5
1667114432.271832, 6
1667114432.284885, 7
1667114432.297139, 6
1667114432.310233, 7
1667114432.323340, 7
1667114432.338851, 8
1667114432.353392, 8
1667114432.369058, 8
1667114432.387101, 9
1667114432.403045, 8
1667114432.418625, 10
1667114432.433774, 9
1667114432.452448, 9
1667114432.467523, 10
1667114432.483566, 10
1667114432.498729, 9
1667114432.515699, 10
1667114432.530339, 10
1667114432.545021, 9
1667114432.559559, 10
1667114432.577985, 12
1667114432.592577, 11
1667114432.609140, 11
1667114432.623714, 11
1667114432.638499, 11
1667114432.656419, 12
1667114432.673066, 12
1667114432.687538, 13
1667114432.702937, 13
1667114432.719793, 13
1667114432.733981, 14
1667114432.753350, 13
1667114432.769698, 13
1667114432.793763, 14
1667114432.808250, 12
1667114432.825786, 13
1667114432.841567, 14
1667114432.856572, 14
1667114432.870561, 13
1667114432.886870, 14
1667114432.899844, 14
1667114432.919219, 14
1667114432.933805, 14
1667114432.949420, 15
1667114432.965000, 16
1667114432.979150, 15
1667114432.993683, 15
1667114433.011687, 16
1667114433.026273, 15
1667114433.042823, 16
1667114433.057445, 17
1667114433.070700, 16
1667114433.086355, 16
1667114433.098476, 17
1667114433.110744, 16
1667114433.123437, 17
1667114433.135845, 16
1667114433.152435, 17
1667114433.168402, 18
1667114433.183930, 18
1667114433.199125, 17
1667114433.218052, 17
1667114433.234153, 18
1667114433.249182, 17
1667114433.264880, 17
1667114433.281301, 18
1667114433.296887, 17
1667114433.312482, 17
1667114433.328653, 19
1667114433.345519, 19
1667114433.360099, 19
1667114433.375544, 19
1667114433.390350, 20
1667114433.410810, 19
1667114433.426319, 18
1667114433.440957, 19
1667114433.455992, 18
1667114433.475934, 19
1667114433.490544, 19
1667114433.506139, 19
1667114433.520729, 18
1667114433.535384, 20
1667114433.556760, 20
1667114433.571328, 19
1667114433.586936, 19
1667114433.601490, 19
1667114433.616067, 19
1667114433.629519, 15
1667114433.646144, 13
1667114433.658413, 10
1667114433.670598, 9
1667114433.683152, 8
1667114433.695508, 6
1667114433.712468, 7
1667114433.728026, 7
1667114433.744555, 8
1667114433.759180, 7
1667114433.777677, 8
1667114433.792272, 7
1667114433.807845, 8
1667114433.821570, 10
1667114433.838711, 10
1667114433.851939, 9
1667114433.866344, 9
1667114433.879665, 10
1667114433.893540, 11
1667114433.906277, 9
1667114433.922692, 9
1667114433.937290, 11
1667114433.952842, 10
1667114433.968538, 10
1667114433.984057, 11
1667114433.996383, 11
1667114434.008745, 10
1667114434.021019, 11
1667114434.034734, 12
1667114434.056011, 12
1667114434.071580, 12
1667114434.085747, 12
1667114434.100968, 13
1667114434.115989, 12
1667114434.128382, 12
1667114434.140433, 13
1667114434.153372, 13
1667114434.166119, 13
1667114434.186531, 14
1667114434.199163, 14
1667114434.214671, 13
1667114434.229829, 13
1667114434.244870, 14
1667114434.260496, 15
1667114434.277478, 14
1667114434.293534, 14
1667114434.308082, 14
1667114434.323680, 14
1667114434.340288, 15
1667114434.356226, 16
1667114434.372010, 15
1667114434.388897, 14
1667114434.403531, 15
1667114434.421023, 15
1667114434.435601, 16
1667114434.451733, 16
1667114434.466747, 16
1667114434.483334, 17
1667114434.497780, 17
1667114434.514044, 18
1667114434.530068, 16
1667114434.549559, 16
1667114434.565700, 16
1667114434.582564, 18
1667114434.598271, 17
1667114434.617616, 18
1667114434.634196, 17
1667114434.652705, 18
1667114434.668209, 19
1667114434.685824, 17
1667114434.701325, 19
1667114434.718872, 18
1667114434.738388, 18
1667114434.753930, 17
1667114434.769492, 17
1667114434.786012, 18
1667114434.801685, 19
1667114434.824537, 19
1667114434.837635, 19
1667114434.853256, 19
1667114434.868729, 18
1667114434.885260, 18
1667114434.899908, 18
1667114434.917615, 18
1667114434.935426, 11
1667114434.951484, 8
1667114434.969003, 10
1667114434.985531, 7
1667114434.998231, 7
1667114435.013729, 6
1667114435.029394, 8
1667114435.046389, 6
1667114435.062396, 7
1667114435.078983, 8
1667114435.093621, 8
1667114435.110128, 7
1667114435.125665, 9
1667114435.140280, 9
1667114435.155477, 10
1667114435.173473, 9
1667114435.188541, 10
1667114435.203564, 9
1667114435.218658, 10
1667114435.233313, 10
1667114435.251254, 10
1667114435.269713, 11
1667114435.284377, 12
1667114435.299662, 11
1667114435.321715, 10
1667114435.334962, 11
1667114435.349542, 11
1667114435.364225, 11
1667114435.386152, 12
1667114435.400714, 11
1667114435.416268, 13
1667114435.430386, 14
1667114435.450340, 12
1667114435.466825, 13
1667114435.482389, 14
1667114435.497530, 12
1667114435.513595, 12
1667114435.529139, 13
1667114435.543329, 13
1667114435.558327, 14
1667114435.573432, 16
1667114435.587751, 15
1667114435.602632, 15
1667114435.623105, 14
1667114435.637669, 15
1667114435.652835, 14
1667114435.668413, 16
1667114435.685398, 15
1667114435.699966, 14
1667114435.716547, 16
1667114435.730786, 16
1667114435.746705, 15
1667114435.762378, 15
1667114435.776498, 17
1667114435.790587, 16
1667114435.807075, 16
1667114435.819251, 16
1667114435.831511, 16
1667114435.843915, 16
1667114435.857133, 16
1667114435.871856, 17
1667114435.884996, 18
1667114435.898553, 18
1667114435.913189, 17
1667114435.927805, 17
1667114435.944842, 18
1667114435.958891, 17
1667114435.973519, 17
1667114435.987677, 17
1667114436.009569, 18
1667114436.025068, 19
1667114436.042658, 19
1667114436.058191, 20
1667114436.073891, 18
1667114436.090441, 18
1667114436.105888, 18
1667114436.121022, 20
1667114436.136037, 19
1667114436.151201, 20
1667114436.166368, 19
1667114436.182851, 20
1667114436.200253, 20
1667114436.212940, 18
1667114436.227181, 18
1667114436.244059, 18
1667114436.259208, 19
1667114436.274239, 18
1667114436.288972, 18
1667114436.306397, 17
1667114436.321057, 10
1667114436.336572, 6
1667114436.350701, 6
1667114436.366743, 7
1667114436.378956, 8
1667114436.391260, 8
1667114436.403757, 8
1667114436.416071, 7
1667114436.433885, 7
1667114436.449516, 8
1667114436.465947, 8
1667114436.481500, 8
1667114436.497126, 9
1667114436.517259, 11
1667114436.530206, 8
1667114436.545720, 9
1667114436.560723, 9
1667114436.581445, 9
1667114436.596988, 9
1667114436.611281, 10
1667114436.626851, 9
1667114436.645682, 10
1667114436.660510, 12
1667114436.674783, 12
1667114436.687070, 11
1667114436.701174, 11
1667114436.715108, 11
1667114436.727891, 12
1667114436.742429, 13
1667114436.756561, 11
1667114436.771701, 13
1667114436.787089, 13
1667114436.806066, 14
1667114436.820570, 14
1667114436.835698, 13
1667114436.851281, 13
1667114436.867575, 13
1667114436.882631, 13
1667114436.897263, 13
1667114436.910493, 13
1667114436.923181, 15
1667114436.937796, 14
1667114436.950333, 14
1667114436.962892, 14
1667114436.975982, 16
1667114436.988942, 14
1667114437.006275, 14
1667114437.020419, 14
1667114437.035398, 15
1667114437.051036, 15
1667114437.069474, 14
1667114437.085066, 15
1667114437.100300, 15
1667114437.117263, 15
1667114437.136954, 17
1667114437.150361, 17
1667114437.165468, 16
1667114437.180487, 16
1667114437.195565, 16
1667114437.212556, 16
1667114437.225233, 16
1667114437.239810, 17
1667114437.254399, 17
1667114437.273937, 19
1667114437.289493, 18
1667114437.305027, 19
1667114437.319625, 17
1667114437.334979, 17
1667114437.352743, 19
1667114437.368427, 18
1667114437.383852, 18
1667114437.399425, 18
1667114437.414031, 18
1667114437.428639, 20
1667114437.445681, 19
1667114437.460752, 18
1667114437.476325, 18
1667114437.492022, 17
1667114437.507444, 17
1667114437.521623, 17
1667114437.536218, 17
1667114437.551760, 9
1667114437.569029, 6
1667114437.581445, 6
1667114437.594206, 7
1667114437.606377, 8
1667114437.618460, 6
1667114437.634085, 7
1667114437.648168, 7
1667114437.663229, 6
1667114437.677515, 7
1667114437.695312, 8
1667114437.710890, 7
1667114437.725830, 9
1667114437.743004, 10
1667114437.757694, 9
1667114437.775372, 10
1667114437.787794, 8
1667114437.802401, 9
1667114437.816980, 9
1667114437.832565, 10
1667114437.849158, 9
1667114437.864670, 10
1667114437.879793, 11
1667114437.896465, 10
1667114437.915252, 11
1667114437.931824, 11
1667114437.946421, 10
1667114437.962536, 11
1667114437.976675, 11
1667114437.988830, 12
1667114438.001122, 12
1667114438.014566, 13
1667114438.028170, 13
1667114438.040868, 13
1667114438.055482, 12
1667114438.070009, 12
1667114438.083780, 13
1667114438.096304, 14
1667114438.108965, 13
1667114438.122801, 13
1667114438.134971, 14
1667114438.146917, 14
1667114438.161060, 13
1667114438.177701, 14
1667114438.193673, 15
1667114438.215037, 14
1667114438.231588, 14
1667114438.247145, 14
1667114438.261977, 14
1667114438.278314, 14
1667114438.293881, 15
1667114438.308491, 15
1667114438.324415, 15
1667114438.341465, 16
1667114438.356833, 17
1667114438.372740, 14
1667114438.386011, 15
1667114438.400001, 17
1667114438.412363, 16
1667114438.424663, 17
1667114438.437282, 16
1667114438.450000, 18
1667114438.470108, 17
1667114438.484733, 18
1667114438.499785, 18
1667114438.515436, 17
1667114438.535253, 16
1667114438.550841, 17
1667114438.566394, 18
1667114438.581081, 17
1667114438.596761, 17
1667114438.612992, 17
1667114438.625280, 19
1667114438.637907, 19
1667114438.650093, 19
1667114438.663250, 20
1667114438.675936, 19
1667114438.690591, 19
1667114438.707089, 19
1667114438.722134, 18
1667114438.736737, 20
1667114438.752408, 19
1667114438.770896, 19
1667114438.785144, 19
1667114438.801362, 19
1667114438.817546, 20
1667114438.834648, 19
1667114438.849390, 18
1667114438.864380, 18
1667114438.879933, 18
1667114438.898310, 18
1667114438.913940, 17
1667114438.929520, 11
1667114438.945102, 6
1667114438.962113, 7
1667114438.979105, 8
1667114438.993705, 6
1667114439.008293, 8
1667114439.023953, 7
1667114439.046011, 7
1667114439.058940, 7
1667114439.074037, 9
1667114439.088827, 8
1667114439.109612, 9
1667114439.125055, 11
1667114439.139234, 9
1667114439.154265, 10
1667114439.176080, 10
1667114439.188378, 11
1667114439.204905, 10
1667114439.219555, 10
1667114439.237946, 10
1667114439.255115, 11
1667114439.270705, 13
1667114439.287344, 12
1667114439.305681, 11
1667114439.322701, 11
1667114439.336281, 11
1667114439.351026, 12
1667114439.367013, 11
1667114439.383543, 12
1667114439.398565, 13
1667114439.413165, 13
1667114439.427784, 12
1667114439.445363, 13
1667114439.457940, 13
1667114439.472606, 12
1667114439.487202, 13
1667114439.506598, 14
1667114439.520773, 13
1667114439.535867, 14
1667114439.551460, 15
1667114439.569531, 16
1667114439.584461, 14
1667114439.599066, 14
1667114439.614497, 14
1667114439.634114, 14
1667114439.648771, 15
1667114439.664258, 16
1667114439.679764, 14
1667114439.697983, 16
1667114439.713585, 16
1667114439.732643, 17
1667114439.748627, 16
1667114439.768095, 16
1667114439.784155, 15
1667114439.800753, 16
1667114439.816349, 16
1667114439.832388, 16
1667114439.848418, 17
1667114439.867865, 18
1667114439.881575, 19
1667114439.894054, 18
1667114439.907879, 17
1667114439.920455, 17
1667114439.933089, 17
1667114439.948774, 17
1667114439.967398, 18
1667114439.980927, 18
1667114439.997006, 19
1667114440.013143, 18
1667114440.034990, 20
1667114440.050326, 19
1667114440.063132, 19
1667114440.078613, 19
1667114440.098213, 19
1667114440.113841, 20
1667114440.129396, 18
1667114440.144966, 20
1667114440.163476, 20
1667114440.179079, 19
1667114440.194634, 19
1667114440.210258, 19
1667114440.224042, 20
1667114440.236577, 18
1667114440.248980, 18
1667114440.261714, 18
1667114440.274463, 18
1667114440.287005, 17
1667114440.301709, 13
1667114440.315668, 9
1667114440.330986, 6
1667114440.346488, 7
1667114440.369515, 7
1667114440.383499, 8
1667114440.398062, 7
1667114440.412669, 7
1667114440.429236, 9
1667114440.443820, 9
1667114440.457459, 7
1667114440.472038, 8
1667114440.487700, 9
1667114440.505145, 10
1667114440.518779, 9
1667114440.533362, 9
1667114440.548923, 10
1667114440.563502, 10
1667114440.578216, 10
1667114440.594654, 11
1667114440.609055, 10
1667114440.625796, 11
1667114440.640059, 10
1667114440.657275, 12
1667114440.669867, 12
1667114440.682037, 10
1667114440.694460, 10
1667114440.706838, 12
1667114440.719128, 11
1667114440.735119, 11
1667114440.749811, 13
1667114440.766237, 13
1667114440.780354, 12
1667114440.799624, 13
1667114440.812486, 14
1667114440.828447, 13
1667114440.843019, 12
1667114440.859661, 13
1667114440.875366, 13
1667114440.890956, 13
1667114440.906020, 14
1667114440.924072, 14
1667114440.938148, 14
1667114440.954184, 14
1667114440.968811, 15
1667114440.983524, 14
1667114440.999905, 14
1667114441.015016, 16
1667114441.030095, 16
1667114441.045478, 15
1667114441.065133, 15
1667114441.079923, 15
1667114441.094550, 16
1667114441.110105, 16
1667114441.123806, 17
1667114441.142686, 17
1667114441.158278, 16
1667114441.172876, 16
1667114441.188128, 17
1667114441.204970, 17
1667114441.219602, 16
1667114441.234155, 18
1667114441.249078, 18
1667114441.267340, 18
1667114441.282979, 18
1667114441.298414, 19
1667114441.313597, 17
1667114441.333536, 18
1667114441.349139, 18
1667114441.364608, 19
1667114441.379218, 18
1667114441.395479, 18
1667114441.411378, 18
1667114441.428817, 19
1667114441.444412, 19
1667114441.463423, 19
1667114441.478484, 18
1667114441.494044, 17
1667114441.508685, 18
1667114441.527645, 18
1667114441.541731, 18
1667114441.556317, 13
1667114441.570996, 6
1667114441.586624, 7
1667114441.603575, 6
1667114441.619634, 6
1667114441.635161, 7
1667114441.649841, 7
1667114441.665869, 7
1667114441.681920, 7
1667114441.697474, 8
1667114441.713088, 7
1667114441.734453, 9
1667114441.749026, 8
1667114441.765661, 9
1667114441.781231, 9
1667114441.797716, 9
1667114441.813318, 9
1667114441.828850, 9
1667114441.843522, 10
1667114441.859586, 10
1667114441.875554, 11
1667114441.891084, 11
1667114441.903839, 10
1667114441.922330, 11
1667114441.936963, 10
1667114441.953463, 11
1667114441.969040, 11
1667114441.983707, 9
1667114442.002181, 11
1667114442.016287, 13
1667114442.031398, 13
1667114442.048969, 13
1667114442.068314, 12
1667114442.083866, 11
1667114442.098497, 12
1667114442.114059, 13
1667114442.133500, 14
1667114442.148127, 13
1667114442.163223, 15
1667114442.178316, 14
1667114442.194840, 13
1667114442.209444, 14
1667114442.224987, 14
1667114442.240712, 13
1667114442.261068, 13
1667114442.274629, 14
1667114442.290221, 14
1667114442.304916, 14
1667114442.325987, 17
1667114442.338946, 17
1667114442.353475, 17
1667114442.368064, 15
1667114442.382706, 15
1667114442.402155, 16
1667114442.415838, 16
1667114442.430963, 16
1667114442.445956, 16
1667114442.464425, 16
1667114442.479036, 18
1667114442.496645, 17
1667114442.513140, 17
1667114442.532647, 16
1667114442.548130, 18
1667114442.564678, 17
1667114442.579429, 16
1667114442.596355, 18
1667114442.612394, 18
1667114442.627982, 17
1667114442.644541, 20
1667114442.660628, 19
1667114442.674691, 20
1667114442.687404, 18
1667114442.699584, 19
1667114442.713335, 19
1667114442.726266, 18
1667114442.738382, 19
1667114442.750597, 19
1667114442.764803, 20
1667114442.782688, 19
1667114442.797347, 20
1667114442.816892, 19
1667114442.832399, 19
1667114442.847514, 19
1667114442.866388, 19
1667114442.881996, 17
1667114442.897604, 17
1667114442.913219, 15
1667114442.931651, 8
1667114442.946205, 5
1667114442.961779, 6
1667114442.978346, 6
1667114442.995853, 7
1667114443.012077, 7
1667114443.027985, 7
1667114443.044536, 8
1667114443.061025, 9
1667114443.076137, 8
1667114443.092738, 8
1667114443.107794, 9
1667114443.124349, 10
1667114443.139934, 9
1667114443.156460, 10
1667114443.171144, 10
1667114443.188569, 9
1667114443.204159, 10
1667114443.219730, 10
1667114443.234327, 10
1667114443.249408, 10
1667114443.266808, 12
1667114443.279450, 13
1667114443.291813, 11
1667114443.304339, 12
1667114443.318100, 11
1667114443.332182, 11
1667114443.346287, 11
1667114443.361840, 12
1667114443.376523, 13
1667114443.393977, 12
1667114443.409509, 14
1667114443.424119, 14
1667114443.439884, 13
1667114443.457188, 13
1667114443.472775, 13
1667114443.488419, 13
1667114443.504002, 13
1667114443.523416, 13
1667114443.537045, 14
1667114443.551628, 16
1667114443.567735, 15
1667114443.589101, 13
1667114443.605779, 14
1667114443.622850, 14
1667114443.636947, 15
1667114443.657283, 15
1667114443.672428, 15
1667114443.686980, 16
1667114443.703003, 15
1667114443.720624, 15
1667114443.735123, 17
1667114443.749748, 16
1667114443.765276, 17
1667114443.780949, 16
1667114443.797411, 16
1667114443.811970, 16
1667114443.827133, 16
1667114443.842709, 18
1667114443.858743, 17
1667114443.874303, 18
1667114443.889422, 18
1667114443.905517, 19
1667114443.922972, 17
1667114443.938543, 17
1667114443.952230, 17
1667114443.966907, 19
1667114443.985280, 18
1667114443.999933, 18
1667114444.016438, 18
1667114444.032019, 19
1667114444.053390, 20
1667114444.067791, 19
1667114444.084574, 18
1667114444.099695, 17
1667114444.114724, 19
1667114444.133298, 17
1667114444.147811, 17
1667114444.164411, 15
1667114444.178995, 10
1667114444.196167, 6
1667114444.211895, 7
1667114444.228604, 6
1667114444.243225, 8
1667114444.259754, 7
1667114444.274371, 7
1667114444.290892, 6
1667114444.305559, 6
1667114444.322995, 8
1667114444.339609, 9
1667114444.354166, 9
1667114444.368918, 8
1667114444.388191, 8
1667114444.402797, 10
1667114444.418432, 8
1667114444.434018, 8
1667114444.451506, 9
1667114444.466157, 10
1667114444.483644, 12
1667114444.499228, 10
1667114444.513827, 10
1667114444.531122, 10
1667114444.544592, 11
1667114444.556775, 11
1667114444.568970, 12
1667114444.581199, 11
1667114444.594766, 12
1667114444.606996, 11
1667114444.623082, 11
1667114444.635681, 12
1667114444.654863, 11
1667114444.668841, 12
1667114444.685330, 13
1667114444.701013, 11
1667114444.720389, 12
1667114444.734959, 14
1667114444.751530, 13
1667114444.766136, 13
1667114444.784608, 15
1667114444.799214, 13
1667114444.814762, 14
1667114444.830919, 14
1667114444.850148, 14
1667114444.862997, 14
1667114444.877601, 14
1667114444.892666, 14
1667114444.910207, 15
1667114444.928163, 16
1667114444.941306, 16
1667114444.955927, 15
1667114444.970475, 14
1667114444.988027, 14
1667114445.003597, 15
1667114445.017268, 16
1667114445.032860, 16
1667114445.052264, 16
1667114445.066849, 17
1667114445.082052, 17
1667114445.097082, 17
1667114445.114277, 18
1667114445.127187, 17
1667114445.141782, 17
1667114445.156400, 17
1667114445.172032, 16
1667114445.187551, 18
1667114445.204099, 17
1667114445.218668, 17
1667114445.234664, 18
1667114445.252792, 19
1667114445.268349, 19
1667114445.282916, 18
1667114445.298056, 18
1667114445.315050, 18
1667114445.330624, 19
1667114445.345750, 19
1667114445.360793, 19
1667114445.376400, 19
1667114445.392923, 20
1667114445.408548, 19
1667114445.425992, 19
1667114445.441601, 19
1667114445.459098, 18
1667114445.473686, 17
1667114445.489271, 18
1667114445.504816, 16
1667114445.521432, 9
1667114445.536945, 5
1667114445.552889, 6
1667114445.567121, 9
1667114445.583703, 7
1667114445.595910, 8
1667114445.608460, 8
1667114445.620550, 8
1667114445.633376, 8
1667114445.650838, 7
1667114445.665931, 9
1667114445.680684, 8
1667114445.697213, 8
1667114445.717994, 11
1667114445.732696, 10
1667114445.749842, 8
1667114445.766679, 10
1667114445.782348, 11
1667114445.797820, 10
1667114445.813388, 9
1667114445.828973, 10
1667114445.844073, 11
1667114445.861705, 12
1667114445.874728, 12
1667114445.889285, 11
1667114445.904444, 11
1667114445.922380, 11
1667114445.936999, 12
1667114445.952595, 12
1667114445.967804, 11
1667114445.986605, 13
1667114445.999843, 13
1667114446.012464, 13
1667114446.024659, 14
1667114446.038251, 14
1667114446.053747, 13
1667114446.066418, 12
1667114446.081107, 14
1667114446.098148, 14
1667114446.118999, 14
1667114446.135559, 13
1667114446.151090, 15
1667114446.166396, 16
1667114446.183752, 16
1667114446.197041, 15
1667114446.211704, 14
1667114446.223949, 15
1667114446.237063, 15
1667114446.251311, 15
1667114446.263878, 15
1667114446.276337, 15
1667114446.288365, 15
1667114446.303222, 16
1667114446.321499, 16
1667114446.338008, 17
1667114446.352558, 17
1667114446.367744, 17
1667114446.385845, 16
1667114446.401332, 15
1667114446.417784, 17
1667114446.433398, 18
1667114446.450890, 17
1667114446.466485, 18
1667114446.482064, 18
1667114446.496674, 18
1667114446.513193, 18
1667114446.529762, 17
1667114446.545265, 17
1667114446.559978, 18
1667114446.578901, 19
1667114446.593641, 18
1667114446.609563, 18
1667114446.624183, 20
1667114446.639303, 19
1667114446.656939, 20
1667114446.672397, 18
1667114446.691282, 18
1667114446.706914, 16
1667114446.722500, 17
1667114446.737610, 16
1667114446.753614, 12
1667114446.768740, 6
1667114446.786658, 6
1667114446.801879, 6
1667114446.819829, 8
1667114446.837391, 6
1667114446.856338, 7
1667114446.874292, 7
1667114446.887943, 7
1667114446.900688, 8
1667114446.914173, 7
1667114446.927870, 9
1667114446.940172, 8
1667114446.952700, 9
1667114446.968389, 9
1667114446.983287, 9
1667114446.998395, 10
1667114447.013483, 9
1667114447.029110, 10
1667114447.046604, 10
1667114447.061224, 10
1667114447.076250, 12
1667114447.092325, 10
1667114447.107897, 10
1667114447.123940, 10
1667114447.138642, 11
1667114447.153659, 11
1667114447.168429, 10
1667114447.185709, 12
1667114447.201333, 12
1667114447.217840, 14
1667114447.232106, 13
1667114447.250996, 13
1667114447.266540, 12
1667114447.281112, 13
1667114447.299492, 13
1667114447.315949, 13
1667114447.328406, 13
1667114447.343930, 13
1667114447.360596, 15
1667114447.379008, 14
1667114447.391688, 14
1667114447.408172, 15
1667114447.424751, 14
1667114447.444693, 14
1667114447.457336, 15
1667114447.472432, 14
1667114447.486979, 13
1667114447.502744, 16
1667114447.520171, 16
1667114447.532428, 17
1667114447.544750, 16
1667114447.556801, 16
1667114447.569350, 15
1667114447.585376, 15
1667114447.599070, 16
1667114447.614141, 16
1667114447.629312, 16
1667114447.647283, 15
1667114447.661317, 16
1667114447.679661, 18
1667114447.692489, 18
1667114447.709540, 17
1667114447.724090, 18
1667114447.739197, 17
1667114447.754797, 17
1667114447.773219, 17
1667114447.788825, 18
1667114447.803946, 18
1667114447.819129, 18
1667114447.840685, 20
1667114447.853577, 20
1667114447.869222, 19
1667114447.883618, 19
1667114447.898357, 19
1667114447.918783, 18
1667114447.934512, 19
1667114447.952859, 19
1667114447.968121, 19
1667114447.986932, 19
1667114448.001570, 19
1667114448.017119, 20
1667114448.032350, 19
1667114448.052764, 18
1667114448.067692, 17
1667114448.085233, 16
1667114448.100700, 17
1667114448.117235, 9
1667114448.134792, 9
1667114448.150222, 6
1667114448.163427, 7
1667114448.181398, 7
1667114448.197962, 6
1667114448.213516, 7
1667114448.228792, 8
1667114448.245607, 8
1667114448.262177, 8
1667114448.275798, 8
1667114448.291507, 7
1667114448.307726, 10
1667114448.319853, 10
1667114448.332124, 9
1667114448.344472, 10
1667114448.356929, 10
1667114448.369835, 10
1667114448.386718, 11
1667114448.402413, 11
1667114448.417441, 10
1667114448.432502, 11
1667114448.446793, 10
1667114448.459090, 12
1667114448.471397, 12
1667114448.484711, 10
1667114448.497745, 11
1667114448.514271, 11
1667114448.530377, 11
1667114448.545922, 12
1667114448.561296, 13
1667114448.577415, 12
1667114448.589636, 12
1667114448.602637, 14
1667114448.614798, 13
1667114448.627093, 12
1667114448.645131, 13
1667114448.658332, 13
1667114448.673621, 13
1667114448.688554, 14
1667114448.708049, 13
1667114448.721188, 14
1667114448.734232, 14
1667114448.747874, 15
1667114448.760107, 15
1667114448.773253, 15
1667114448.786713, 15
1667114448.801502, 13
1667114448.815133, 14
1667114448.830281, 15
1667114448.847667, 16
1667114448.860131, 15
1667114448.872637, 15
1667114448.884893, 15
1667114448.897495, 17
1667114448.913128, 16
1667114448.927651, 16
1667114448.941281, 15
1667114448.958183, 16
1667114448.974886, 17
1667114448.989511, 16
1667114449.005147, 16
1667114449.021135, 17
1667114449.044324, 16
1667114449.062005, 19
1667114449.074675, 17
1667114449.089423, 17
1667114449.107727, 17
1667114449.123303, 17
1667114449.138877, 18
1667114449.153470, 17
1667114449.168086, 18
1667114449.187538, 17
1667114449.201306, 18
1667114449.217724, 19
1667114449.232389, 18
1667114449.250805, 19
1667114449.264377, 17
1667114449.277410, 17
1667114449.289761, 18
1667114449.302256, 18
1667114449.315011, 17
1667114449.329646, 18
1667114449.348111, 17
1667114449.363782, 10
1667114449.384278, 7
1667114449.397281, 7
1667114449.411899, 6
1667114449.426925, 6
1667114449.443502, 7
1667114449.459092, 6
1667114449.474172, 8
1667114449.489308, 9
1667114449.506847, 9
1667114449.524274, 8
1667114449.538877, 8
1667114449.553574, 9
1667114449.572077, 9
1667114449.586147, 8
1667114449.600847, 9
1667114449.615349, 10
1667114449.629562, 9
1667114449.647439, 11
1667114449.664359, 11
1667114449.679894, 10
1667114449.695139, 11
1667114449.714134, 10
1667114449.728717, 11
1667114449.745282, 10
1667114449.758967, 11
1667114449.775932, 11
1667114449.791015, 12
1667114449.808559, 13
1667114449.823100, 12
1667114449.840845, 11
1667114449.856225, 12
1667114449.870359, 12
1667114449.885411, 11
1667114449.901858, 12
1667114449.914612, 13
1667114449.930177, 13
1667114449.943893, 13
1667114449.956568, 15
1667114449.970931, 16
1667114449.983191, 16
1667114449.995504, 14
1667114450.008687, 13
1667114450.021671, 13
1667114450.036005, 13
1667114450.053800, 14
1667114450.069380, 14
1667114450.086495, 14
1667114450.103537, 15
1667114450.124404, 17
1667114450.139424, 16
1667114450.155012, 15
1667114450.173498, 14
1667114450.188084, 16
1667114450.203243, 17
1667114450.217800, 16
1667114450.236759, 16
1667114450.251396, 16
1667114450.265993, 16
1667114450.281613, 18
1667114450.296169, 17
1667114450.310753, 18
1667114450.325448, 17
1667114450.340920, 17
1667114450.354646, 17
1667114450.368057, 17
1667114450.380387, 18
1667114450.392617, 18
1667114450.405453, 17
1667114450.417890, 17
1667114450.438230, 18
1667114450.452954, 19
1667114450.468487, 20
1667114450.484956, 19
1667114450.499576, 19
1667114450.516109, 19
1667114450.531766, 18
1667114450.548215, 19
1667114450.562861, 19
1667114450.579337, 19
1667114450.594968, 19
1667114450.610991, 19
1667114450.623618, 19
1667114450.636524, 20
1667114450.648789, 19
1667114450.661581, 19
1667114450.673809, 19
1667114450.687963, 18
1667114450.705920, 18
1667114450.720052, 15
1667114450.735183, 10
1667114450.749777, 6
1667114450.768115, 8
1667114450.781392, 7
1667114450.794943, 8
1667114450.807475, 8
1667114450.819983, 7
1667114450.834396, 8
1667114450.848554, 8
1667114450.863582, 9
1667114450.879173, 7
1667114450.894149, 8
1667114450.915058, 10
1667114450.928900, 8
1667114450.943382, 10
1667114450.958113, 9
1667114450.975554, 9
1667114450.991093, 9
1667114451.006662, 11
1667114451.021396, 10
1667114451.041751, 9
1667114451.057260, 11
1667114451.072831, 12
1667114451.087415, 11
1667114451.104170, 11
1667114451.116598, 11
1667114451.128856, 11
1667114451.140996, 11
1667114451.153281, 11
1667114451.175036, 12
1667114451.189648, 13
1667114451.207699, 12
1667114451.223806, 14
1667114451.242328, 13
1667114451.258726, 13
1667114451.274275, 13
1667114451.287614, 13
1667114451.300100, 14
1667114451.314197, 13
1667114451.326600, 14
1667114451.338899, 15
1667114451.352198, 15
1667114451.364891, 15
1667114451.381390, 15
1667114451.395606, 15
1667114451.410601, 15
1667114451.425148, 15
1667114451.442660, 15
1667114451.457265, 16
1667114451.471906, 15
1667114451.486284, 15
1667114451.506935, 17
1667114451.521029, 17
1667114451.536126, 16
1667114451.551807, 15
1667114451.572110, 15
1667114451.587245, 16
1667114451.602306, 17
1667114451.617087, 16
1667114451.635378, 16
1667114451.650977, 18
1667114451.667065, 19
1667114451.681734, 17
1667114451.699680, 16
1667114451.715812, 18
1667114451.731443, 18
1667114451.748883, 16
1667114451.763517, 18
1667114451.779964, 19
1667114451.795541, 17
1667114451.813093, 18
1667114451.828709, 19
1667114451.844221, 19
1667114451.859911, 19
1667114451.877312, 18
1667114451.892007, 20
1667114451.909452, 19
1667114451.924588, 20
1667114451.939590, 19
1667114451.954742, 20
1667114451.968878, 19
1667114451.982706, 18
1667114451.995054, 19
1667114452.007304, 19
1667114452.019980, 19
1667114452.034645, 19
1667114452.048170, 18
1667114452.062797, 18
1667114452.078083, 14
1667114452.094933, 8
1667114452.109509, 11
1667114452.126091, 6
1667114452.141659, 7
1667114452.158160, 7
1667114452.175257, 8
1667114452.189870, 8
1667114452.204909, 8
1667114452.220518, 8
1667114452.238523, 8
1667114452.254619, 9
1667114452.271864, 10
1667114452.288195, 10
1667114452.309068, 8
1667114452.324685, 9
1667114452.339241, 9
1667114452.354107, 10
1667114452.374387, 10
1667114452.389859, 10
1667114452.405477, 10
1667114452.420105, 10
1667114452.440460, 12
1667114452.455051, 12
1667114452.469607, 10
1667114452.483414, 12
1667114452.498668, 10
1667114452.511590, 11
1667114452.524241, 12
1667114452.536349, 13
1667114452.549521, 13
1667114452.563610, 13
1667114452.580652, 14
1667114452.594821, 13
1667114452.608667, 13
1667114452.621933, 13
1667114452.636216, 14
1667114452.648686, 14
1667114452.662424, 13
1667114452.674985, 12
1667114452.688296, 13
1667114452.703415, 13
1667114452.716202, 14
1667114452.731774, 15
1667114452.747268, 15
1667114452.765843, 13
1667114452.780588, 13
1667114452.796932, 15
1667114452.812281, 15
1667114452.830802, 14
1667114452.846382, 14
1667114452.861883, 15
1667114452.879416, 16
1667114452.898924, 16
1667114452.911803, 16
1667114452.924442, 16
1667114452.937040, 16
1667114452.949642, 16
1667114452.966637, 16
1667114452.982282, 16
1667114452.998772, 15
1667114453.016878, 16
1667114453.030004, 17
1667114453.049463, 17
1667114453.064001, 17
1667114453.079603, 18
1667114453.097063, 17
1667114453.113637, 17
1667114453.131194, 17
1667114453.146281, 19
1667114453.165208, 18
1667114453.177844, 17
1667114453.193473, 18
1667114453.209020, 19
1667114453.228465, 19
1667114453.244017, 19
1667114453.259635, 18
1667114453.274683, 19
1667114453.294361, 19
1667114453.307319, 19
1667114453.323887, 19
1667114453.338098, 19
1667114453.357433, 18
1667114453.373467, 20
1667114453.389088, 20
1667114453.404146, 19
1667114453.418219, 18
1667114453.435859, 18
1667114453.450470, 11
1667114453.465935, 8
1667114453.480658, 11
1667114453.497008, 6
1667114453.509740, 6
1667114453.524343, 7
1667114453.539462, 7
1667114453.553643, 7
1667114453.571141, 7
1667114453.586621, 9
1667114453.601288, 8
1667114453.615900, 9
1667114453.634848, 9
1667114453.649478, 10
1667114453.665768, 9
1667114453.681989, 11
1667114453.701497, 9
1667114453.716642, 9
1667114453.731674, 9
1667114453.747263, 11
1667114453.766237, 10
1667114453.782290, 9
1667114453.796865, 10
1667114453.812443, 10
1667114453.829945, 12
1667114453.844097, 13
1667114453.858166, 12
1667114453.872816, 11
1667114453.888025, 13
1667114453.905865, 12
1667114453.920570, 11
1667114453.936552, 13
1667114453.951591, 12
1667114453.970118, 12
1667114453.984739, 14
1667114454.000350, 13
1667114454.016632, 14
1667114454.036358, 13
1667114454.051441, 14
1667114454.066471, 13
1667114454.082082, 14
1667114454.097608, 14
1667114454.114144, 15
1667114454.129778, 15
1667114454.145365, 15
1667114454.161850, 14
1667114454.178393, 15
1667114454.192973, 16
1667114454.208775, 15
1667114454.226073, 15
1667114454.241693, 16
1667114454.256262, 15
1667114454.272536, 16
1667114454.288407, 17
1667114454.306858, 16
1667114454.322480, 17
1667114454.338006, 16
1667114454.352688, 16
1667114454.370117, 15
1667114454.385687, 16
1667114454.401006, 18
1667114454.416864, 17
1667114454.433683, 18
1667114454.446663, 18
1667114454.460416, 18
1667114454.472750, 18
1667114454.485012, 17
1667114454.499566, 18
1667114454.515174, 18
1667114454.529786, 18
1667114454.544389, 19
1667114454.560963, 18
1667114454.576109, 18
1667114454.589850, 20
1667114454.602593, 19
1667114454.615490, 19
1667114454.628643, 20
1667114454.641705, 18
1667114454.656258, 19
1667114454.671430, 19
1667114454.686452, 18
1667114454.705955, 17
1667114454.720762, 18
1667114454.736102, 18
1667114454.751352, 8
1667114454.772123, 6
1667114454.787692, 6
1667114454.802777, 6
1667114454.817466, 6
1667114454.834380, 7
1667114454.851051, 7
1667114454.865586, 8
1667114454.880319, 8
1667114454.899678, 10
1667114454.914213, 9
1667114454.929958, 8
1667114454.945493, 8
1667114454.965757, 8
1667114454.981375, 8
1667114454.996514, 9
1667114455.011627, 9
1667114455.028247, 9
1667114455.040703, 11
1667114455.053465, 11
1667114455.066072, 10
1667114455.081217, 10
1667114455.096205, 10
1667114455.111808, 11
1667114455.126444, 10
1667114455.141958, 10
1667114455.156597, 11
1667114455.171142, 11
1667114455.185004, 11
1667114455.200271, 12
1667114455.212666, 13
1667114455.225242, 12
1667114455.237340, 12
1667114455.249638, 13
1667114455.265582, 12
1667114455.280744, 13
1667114455.295630, 13
1667114455.310852, 14
1667114455.329813, 14
1667114455.344431, 15
1667114455.359005, 13
1667114455.374889, 13
1667114455.389152, 14
1667114455.401526, 13
1667114455.414509, 13
1667114455.426733, 14
1667114455.440197, 15
1667114455.455579, 14
1667114455.468001, 15
1667114455.482645, 16
1667114455.498665, 17
1667114455.516753, 15
1667114455.536749, 16
1667114455.552685, 15
1667114455.568235, 15
1667114455.583407, 17
1667114455.604832, 17
1667114455.617488, 16
1667114455.633459, 17
1667114455.650953, 16
1667114455.673383, 16
1667114455.688121, 16
1667114455.703559, 17
1667114455.718710, 17
1667114455.733294, 17
1667114455.748645, 18
1667114455.765406, 18
1667114455.781042, 17
1667114455.796583, 18
1667114455.811202, 19
1667114455.828672, 19
1667114455.843270, 18
1667114455.858000, 19
1667114455.872492, 19
1667114455.891998, 18
1667114455.905292, 18
1667114455.917827, 18
1667114455.930126, 18
1667114455.942949, 19
1667114455.955833, 20
1667114455.974301, 20
1667114455.989813, 19
1667114456.004914, 17
1667114456.020234, 17
1667114456.037544, 17
1667114456.053099, 16
1667114456.067662, 16
1667114456.082807, 9
1667114456.100863, 8
1667114456.115963, 6
1667114456.130190, 7
1667114456.145166, 7
1667114456.168068, 8
1667114456.182674, 8
1667114456.197723, 7
1667114456.212852, 8
1667114456.232386, 7
1667114456.247867, 8
1667114456.263476, 9
1667114456.276920, 10
1667114456.293320, 9
1667114456.305922, 10
1667114456.317881, 10
1667114456.330127, 8
1667114456.344197, 10
1667114456.358363, 11
1667114456.374403, 10
1667114456.389034, 10
1667114456.405544, 11
1667114456.419140, 11
1667114456.433736, 11
1667114456.449525, 10
1667114456.464892, 11
1667114456.477144, 12
1667114456.489274, 11
1667114456.501688, 11
1667114456.514608, 12
1667114456.532386, 12
1667114456.545699, 13
1667114456.560294, 13
1667114456.575922, 12
1667114456.596307, 12
1667114456.611912, 14
1667114456.630805, 14
1667114456.646455, 13
1667114456.661032, 12
1667114456.675626, 13
1667114456.691181, 13
1667114456.708789, 15
1667114456.725261, 14
1667114456.741796, 14
1667114456.757387, 14
1667114456.771961, 15
1667114456.793416, 14
1667114456.807953, 15
1667114456.823056, 15
1667114456.837155, 16
1667114456.851883, 16
1667114456.872783, 15
1667114456.887797, 16
1667114456.905819, 16
1667114456.921968, 16
1667114456.935772, 16
1667114456.948100, 17
1667114456.960349, 17
1667114456.972858, 17
1667114456.985109, 16
1667114456.997282, 16
1667114457.013415, 17
1667114457.029479, 19
1667114457.045507, 16
1667114457.061088, 18
1667114457.076586, 17
1667114457.093181, 17
1667114457.108864, 18
1667114457.124308, 18
1667114457.138524, 18
1667114457.154479, 17
1667114457.170103, 19
1667114457.185633, 19
1667114457.199327, 18
1667114457.216939, 18
1667114457.231563, 19
1667114457.248060, 18
1667114457.261724, 19
1667114457.274121, 20
1667114457.287070, 20
1667114457.300126, 20
1667114457.312434, 18
1667114457.326016, 19
1667114457.342481, 20
1667114457.356790, 20
1667114457.369092, 19
1667114457.382561, 18
1667114457.394783, 18
1667114457.407567, 18
1667114457.421926, 18
1667114457.436632, 14
1667114457.450221, 9
1667114457.466676, 9
1667114457.481924, 5
1667114457.498390, 7
1667114457.513498, 6
1667114457.529959, 7
1667114457.545610, 8
1667114457.562068, 8
1667114457.576685, 8
1667114457.591250, 7
1667114457.608840, 8
1667114457.624365, 9
1667114457.639916, 10
1667114457.654548, 8
1667114457.671618, 9
1667114457.687177, 9
1667114457.703683, 9
1667114457.718668, 10
1667114457.735313, 10
1667114457.750964, 10
1667114457.767447, 11
1667114457.783951, 12
1667114457.798575, 12
1667114457.813283, 11
1667114457.828764, 11
1667114457.844378, 11
1667114457.860445, 11
1667114457.876504, 12
1667114457.892596, 13
1667114457.907585, 12
1667114457.924118, 13
1667114457.939257, 14
1667114457.955282, 14
1667114457.969637, 13
1667114457.986478, 14
1667114458.001087, 13
1667114458.017592, 12
1667114458.032314, 13
1667114458.053651, 13
1667114458.068179, 13
1667114458.084744, 14
1667114458.098876, 16
1667114458.113563, 14
1667114458.134369, 14
1667114458.147968, 14
1667114458.166554, 16
1667114458.179861, 15
1667114458.196639, 15
1667114458.208955, 14
1667114458.221454, 16
1667114458.233683, 16
1667114458.246314, 15
1667114458.260911, 16
1667114458.275466, 15
1667114458.293091, 16
1667114458.307613, 17
1667114458.322207, 17
1667114458.337218, 16
1667114458.352059, 15
1667114458.364405, 17
1667114458.376621, 16
1667114458.388624, 17
1667114458.402137, 18
1667114458.419569, 17
1667114458.434628, 17
1667114458.449694, 17
1667114458.465354, 17
1667114458.482819, 17
1667114458.496453, 18
1667114458.511996, 17
1667114458.527126, 19
1667114458.543238, 18
1667114458.565104, 19
1667114458.578191, 19
1667114458.592344, 19
1667114458.607414, 17
1667114458.624879, 19
1667114458.638025, 18
1667114458.650917, 18
1667114458.663105, 18
1667114458.675269, 17
1667114458.689692, 10
1667114458.701808, 5
1667114458.716358, 6
1667114458.732019, 5
1667114458.752048, 6
1667114458.768547, 8
1667114458.784555, 7
1667114458.801182, 7
1667114458.822515, 9
1667114458.837176, 8
1667114458.852268, 10
1667114458.867225, 9
1667114458.880858, 9
1667114458.893780, 9
1667114458.907411, 8
1667114458.919729, 9
1667114458.932548, 9
1667114458.945683, 9
1667114458.958761, 9
1667114458.973397, 11
1667114458.991443, 11
1667114459.006481, 11
1667114459.022005, 9
1667114459.037200, 10
1667114459.056197, 10
1667114459.072666, 10
1667114459.087255, 11
1667114459.100824, 11
1667114459.115675, 10
1667114459.128067, 12
1667114459.140615, 13
1667114459.152955, 13
1667114459.165247, 11
1667114459.181630, 12
1667114459.195273, 12
1667114459.211836, 12
1667114459.226943, 12
1667114459.245954, 13
1667114459.261431, 14
1667114459.275590, 14
1667114459.292176, 15
1667114459.307178, 14
1667114459.322753, 14
1667114459.338347, 13
1667114459.353910, 14
1667114459.368533, 14
1667114459.384647, 15
1667114459.400622, 14
1667114459.416213, 15
1667114459.430834, 16
1667114459.450010, 17
1667114459.470754, 15
1667114459.486272, 14
1667114459.500969, 14
1667114459.516458, 16
1667114459.532118, 16
1667114459.549697, 15
1667114459.566267, 16
1667114459.580820, 17
1667114459.596473, 17
1667114459.615893, 17
1667114459.630481, 16
1667114459.646054, 17
1667114459.661773, 18
1667114459.680629, 18
1667114459.695212, 19
1667114459.710318, 17
1667114459.725957, 18
1667114459.745310, 17
1667114459.760065, 18
1667114459.776207, 19
1667114459.788643, 19
1667114459.803729, 18
1667114459.820561, 19
1667114459.836168, 18
1667114459.853432, 18
1667114459.869021, 19
1667114459.887974, 19
1667114459.903801, 19
1667114459.919508, 20
1667114459.934636, 18
1667114459.955086, 17
1667114459.968788, 17
1667114459.984284, 17
1667114459.998975, 17
1667114460.020192, 16
1667114460.033084, 10
1667114460.048576, 11
1667114460.064580, 6
1667114460.087381, 8
1667114460.100103, 7
1667114460.115275, 7
1667114460.130610, 7
1667114460.145198, 8
1667114460.160821, 7
1667114460.177875, 8
1667114460.192907, 8
1667114460.208060, 8
1667114460.225042, 10
1667114460.239703, 8
1667114460.258641, 9
1667114460.273675, 9
1667114460.289249, 10
1667114460.304501, 10
1667114460.326230, 11
1667114460.342841, 10
1667114460.355408, 9
1667114460.372010, 11
1667114460.388527, 11
1667114460.404264, 11
1667114460.418704, 12
1667114460.433360, 11
1667114460.451803, 11
1667114460.466617, 12
1667114460.482482, 12
1667114460.496734, 13
1667114460.515583, 13
1667114460.530918, 13
1667114460.547177, 13
1667114460.562839, 12
1667114460.578038, 13
1667114460.590449, 13
1667114460.603741, 14
1667114460.616456, 13
1667114460.628645, 13
1667114460.642055, 14
1667114460.657876, 16
1667114460.672570, 15
1667114460.688044, 14
1667114460.702765, 14
1667114460.718320, 14
1667114460.731145, 15
1667114460.743848, 14
1667114460.755951, 15
1667114460.768087, 16
1667114460.781482, 15
1667114460.794405, 15
1667114460.812873, 17
1667114460.826994, 16
1667114460.843037, 16
1667114460.856743, 16
1667114460.873251, 17
1667114460.887804, 16
1667114460.903356, 16
1667114460.918078, 16
1667114460.933597, 17
1667114460.951046, 16
1667114460.969595, 18
1667114460.984674, 19
1667114461.000827, 18
1667114461.016277, 16
1667114461.031036, 18
1667114461.047949, 18
1667114461.063599, 17
1667114461.080069, 18
1667114461.095095, 17
1667114461.109699, 19
1667114461.126285, 18
1667114461.143332, 19
1667114461.158373, 19
1667114461.173947, 18
1667114461.188526, 17
1667114461.204144, 19
1667114461.223561, 18
1667114461.238219, 17
1667114461.252773, 14
1667114461.266541, 6
1667114461.282866, 6
1667114461.295249, 7
1667114461.307699, 7
1667114461.321030, 6
1667114461.333630, 8
1667114461.351680, 7
1667114461.367616, 7
1667114461.383198, 8
1667114461.398795, 8
1667114461.414342, 8
1667114461.429937, 8
1667114461.446024, 9
1667114461.458505, 8
1667114461.470875, 9
1667114461.483159, 10
1667114461.495367, 9
1667114461.507798, 10
1667114461.522358, 10
1667114461.536994, 10
1667114461.551584, 10
1667114461.566375, 10
1667114461.585633, 12
1667114461.598355, 11
1667114461.613896, 9
1667114461.629516, 11
1667114461.647483, 11
1667114461.662532, 11
1667114461.678087, 11
1667114461.693659, 11
1667114461.711898, 12
1667114461.727733, 12
1667114461.742332, 13
1667114461.757549, 12
1667114461.778440, 11
1667114461.793021, 13
1667114461.808096, 13
1667114461.823497, 13
1667114461.844206, 13
1667114461.856785, 14
1667114461.872796, 14
1667114461.887357, 15
1667114461.902041, 14
1667114461.921472, 14
1667114461.935577, 15
1667114461.950537, 14
1667114461.965895, 14
1667114461.985392, 14
1667114462.000261, 15
1667114462.015855, 16
1667114462.033261, 17
1667114462.052924, 16
1667114462.068452, 16
1667114462.083966, 15
1667114462.098563, 16
1667114462.115683, 16
1667114462.130694, 16
1667114462.144365, 16
1667114462.156715, 16
1667114462.170125, 16
1667114462.183107, 16
1667114462.195887, 17
1667114462.210529, 18
1667114462.224360, 17
1667114462.237582, 17
1667114462.249868, 17
1667114462.262329, 18
1667114462.274926, 17
1667114462.287449, 18
1667114462.303921, 18
1667114462.319035, 18
1667114462.334663, 18
1667114462.351640, 19
1667114462.365620, 20
1667114462.384713, 19
1667114462.399297, 19
1667114462.414873, 19
1667114462.430524, 18
1667114462.450917, 19
1667114462.465694, 19
1667114462.484018, 19
1667114462.498476, 20
1667114462.516107, 20
1667114462.531688, 19
1667114462.547250, 19
1667114462.562878, 17
1667114462.578418, 18
1667114462.594136, 16
1667114462.610121, 17
1667114462.625201, 12
1667114462.641692, 8
1667114462.655903, 8
1667114462.671871, 6
1667114462.689384, 8
1667114462.705898, 7
1667114462.721490, 7
1667114462.737070, 7
1667114462.751402, 9
1667114462.766843, 8
1667114462.784728, 9
1667114462.799321, 9
1667114462.814450, 9
1667114462.829600, 9
1667114462.848746, 10
1667114462.864580, 9
1667114462.880145, 8
1667114462.894757, 10
1667114462.913974, 11
1667114462.930332, 10
1667114462.945336, 10
1667114462.960698, 12
1667114462.977460, 10
1667114462.994018, 10
1667114463.008624, 11
1667114463.023830, 12
1667114463.042250, 11
1667114463.056842, 11
1667114463.071792, 12
1667114463.088053, 12
1667114463.114715, 13
1667114463.128337, 13
1667114463.142928, 12
1667114463.159026, 13
1667114463.175207, 13
1667114463.196521, 12
1667114463.213051, 14
1667114463.229521, 14
1667114463.248076, 13
1667114463.265579, 15
1667114463.280154, 15
1667114463.295717, 14
1667114463.311300, 14
1667114463.325919, 14
1667114463.343994, 14
1667114463.359035, 14
1667114463.375562, 15
1667114463.391151, 16
1667114463.406443, 15
1667114463.419937, 16
1667114463.432955, 16
1667114463.445340, 17
1667114463.457909, 16
1667114463.474866, 16
1667114463.490946, 16
1667114463.506486, 16
1667114463.521623, 16
1667114463.538673, 16
1667114463.554174, 16
1667114463.568777, 17
1667114463.586329, 17
1667114463.601856, 19
1667114463.620391, 17
1667114463.634989, 17
1667114463.650558, 17
1667114463.666158, 18
1667114463.681714, 18
1667114463.697305, 18
1667114463.712882, 18
1667114463.727417, 18
1667114463.748966, 18
1667114463.764528, 18
1667114463.780566, 19
1667114463.795244, 19
1667114463.814806, 18
1667114463.828123, 18
1667114463.840652, 17
1667114463.852705, 19
1667114463.866016, 14
1667114463.879365, 8
1667114463.893905, 6
1667114463.908490, 8
1667114463.922164, 6
1667114463.938719, 6
1667114463.953339, 7
1667114463.967843, 7
1667114463.981762, 7
1667114464.000976, 9
1667114464.016610, 7
1667114464.032147, 8
1667114464.050618, 9
1667114464.065216, 8
1667114464.081751, 8
1667114464.096335, 8
1667114464.110985, 9
1667114464.126199, 9
1667114464.142159, 9
1667114464.154216, 11
1667114464.167593, 10
1667114464.180891, 10
1667114464.195685, 11
1667114464.214660, 11
1667114464.227266, 12
1667114464.244398, 11
1667114464.257669, 11
1667114464.273202, 11
1667114464.287822, 10
1667114464.302410, 11
1667114464.317050, 12
1667114464.335502, 13
1667114464.350620, 12
1667114464.368637, 12
1667114464.382413, 13
1667114464.400237, 12
1667114464.416286, 13
1667114464.432756, 13
1667114464.449227, 13
1667114464.464801, 13
1667114464.484822, 14
1667114464.499893, 15
1667114464.514988, 15
1667114464.530017, 14
1667114464.551151, 15
1667114464.563946, 15
1667114464.579045, 14
1667114464.594239, 14
1667114464.612594, 15
1667114464.626996, 15
1667114464.643184, 16
1667114464.656920, 17
1667114464.673374, 15
1667114464.688495, 16
1667114464.704524, 16
1667114464.719174, 16
1667114464.736630, 15
1667114464.751257, 16
1667114464.765826, 17
1667114464.781671, 16
1667114464.800995, 18
1667114464.813543, 17
1667114464.827690, 19
1667114464.842233, 18
1667114464.856401, 17
1667114464.874451, 18
1667114464.891055, 18
1667114464.906950, 17
1667114464.921545, 18
1667114464.939595, 19
1667114464.954644, 18
1667114464.969263, 19
1667114464.984839, 19
1667114464.999543, 17
1667114465.016494, 19
1667114465.032685, 18
1667114465.050038, 18
1667114465.067151, 19
1667114465.084128, 20
1667114465.098379, 20
1667114465.113813, 20
1667114465.129932, 19
1667114465.148320, 18
1667114465.164867, 17
1667114465.179016, 18
1667114465.194084, 16
1667114465.208693, 16
1667114465.226165, 13
1667114465.241369, 8
1667114465.257449, 6
1667114465.271631, 7
1667114465.285363, 8
1667114465.298803, 7
1667114465.314968, 7
1667114465.327442, 8
1667114465.342522, 8
1667114465.357608, 7
1667114465.376081, 8
1667114465.391700, 8
1667114465.407237, 8
1667114465.422838, 11
1667114465.441334, 10
1667114465.455881, 9
1667114465.472528, 9
1667114465.486592, 10
1667114465.505395, 10
1667114465.521180, 10
1667114465.535734, 10
1667114465.550863, 10
1667114465.567628, 11
1667114465.580874, 13
1667114465.594174, 12
1667114465.606416, 11
1667114465.620561, 12
1667114465.636027, 11
1667114465.648640, 11
1667114465.663172, 11
1667114465.677876, 13
1667114465.697143, 13
1667114465.711415, 13
1667114465.726490, 13
1667114465.740642, 12
1667114465.754686, 13
1667114465.770021, 13
1667114465.786843, 13
1667114465.801416, 13
1667114465.816002, 13
1667114465.831580, 13
1667114465.846164, 14
1667114465.860949, 15
1667114465.877323, 15
1667114465.892483, 14
1667114465.908483, 14
1667114465.924090, 14
1667114465.939264, 16
1667114465.955237, 15
1667114465.970783, 15
1667114465.984553, 15
1667114466.002871, 16
1667114466.016638, 16
1667114466.032657, 15
1667114466.047746, 17
1667114466.065141, 17
1667114466.080795, 17
1667114466.095356, 16
1667114466.110898, 17
1667114466.126071, 16
1667114466.143980, 16
1667114466.159562, 17
1667114466.174197, 19
1667114466.188825, 18
1667114466.208758, 17
1667114466.224326, 18
1667114466.239404, 17
1667114466.254974, 18
1667114466.275931, 18
1667114466.290995, 18
1667114466.305569, 18
1667114466.319930, 18
1667114466.343511, 19
1667114466.358341, 19
1667114466.371763, 19
1667114466.386394, 18
1667114466.406791, 18
1667114466.422406, 16
1667114466.437466, 17
1667114466.453525, 17
1667114466.468092, 10
1667114466.483695, 6
1667114466.499822, 7
1667114466.515811, 6
1667114466.532114, 6
1667114466.546955, 5
1667114466.562531, 7
1667114466.579955, 7
1667114466.592752, 6
1667114466.608269, 9
1667114466.623998, 8
1667114466.641380, 8
1667114466.656161, 9
1667114466.672532, 10
1667114466.688153, 9
1667114466.705622, 8
1667114466.719224, 9
1667114466.734787, 9
1667114466.749453, 10
1667114466.767437, 10
1667114466.782499, 12
1667114466.797087, 11
1667114466.812565, 10
1667114466.831000, 12
1667114466.846274, 12
1667114466.861668, 11
1667114466.877925, 12
1667114466.894132, 11
1667114466.907117, 12
1667114466.919736, 12
1667114466.933342, 14
1667114466.945626, 12
1667114466.966433, 12
1667114466.982036, 12
1667114466.998139, 13
1667114467.013167, 13
1667114467.028902, 12
1667114467.051158, 13
1667114467.065737, 13
1667114467.082243, 14
1667114467.096838, 15
1667114467.112426, 14
1667114467.129027, 14
1667114467.145536, 14
1667114467.160127, 15
1667114467.174712, 14
1667114467.189326, 14
1667114467.205431, 15
1667114467.220083, 15
1667114467.237799, 15
1667114467.250774, 16
1667114467.268706, 15
1667114467.283134, 15
1667114467.298580, 15
1667114467.314479, 17
1667114467.331971, 16
1667114467.346548, 16
1667114467.361228, 17
1667114467.375746, 17
1667114467.394766, 19
1667114467.409676, 17
1667114467.426393, 17
1667114467.442995, 16
1667114467.460537, 18
1667114467.479916, 18
1667114467.497041, 17
1667114467.510594, 18
1667114467.523739, 17
1667114467.538947, 18
1667114467.551590, 19
1667114467.564164, 19
1667114467.578224, 19
1667114467.594814, 18
1667114467.614226, 17
1667114467.629840, 18
1667114467.646348, 18
1667114467.666770, 19
1667114467.681456, 19
1667114467.696936, 19
1667114467.712592, 18
1667114467.729083, 20
1667114467.744800, 18
1667114467.764274, 17
1667114467.779689, 17
1667114467.794315, 16
1667114467.809400, 17
1667114467.824575, 13
1667114467.843935, 8
1667114467.858567, 7
1667114467.874645, 7
1667114467.891651, 9
1667114467.906741, 7
1667114467.921646, 7
1667114467.937388, 7
1667114467.953068, 7
1667114467.971450, 7
1667114467.986028, 9
1667114468.001581, 8
1667114468.017239, 9
1667114468.036178, 11
1667114468.052104, 9
1667114468.066673, 8
1667114468.081371, 9
1667114468.097796, 11
1667114468.113675, 10
1667114468.128983, 9
1667114468.144719, 11
1667114468.165510, 12
1667114468.181520, 11
1667114468.196137, 10
1667114468.210860, 11
1667114468.232166, 12
1667114468.249680, 11
1667114468.265272, 13
1667114468.280443, 12
1667114468.295469, 12
1667114468.313905, 13
1667114468.330717, 12
1667114468.346516, 13
1667114468.362575, 13
1667114468.377679, 13
1667114468.395683, 12
1667114468.411238, 13
1667114468.426833, 13
1667114468.441437, 13
1667114468.457534, 15
1667114468.472190, 15
1667114468.488200, 13
1667114468.505698, 15
1667114468.527062, 14
1667114468.540776, 14
1667114468.555824, 15
1667114468.570468, 15
1667114468.589378, 15
1667114468.605013, 15
1667114468.621966, 17
1667114468.634661, 16
1667114468.652682, 16
1667114468.668186, 16
1667114468.683755, 16
1667114468.697389, 16
1667114468.712996, 16
1667114468.730089, 16
1667114468.745095, 17
1667114468.761617, 15
1667114468.776234, 19
1667114468.792028, 18
1667114468.811347, 17
1667114468.833208, 17
1667114468.862578, 17
1667114468.881019, 17
1667114468.895420, 17
1667114468.911816, 18
1667114468.935456, 18
1667114468.958315, 19
1667114468.975805, 19
1667114468.993731, 19
1667114469.011163, 20
1667114469.033863, 20
1667114469.055866, 19
1667114469.074575, 19
1667114469.090758, 19
1667114469.106377, 19
1667114469.119974, 20
1667114469.137843, 19
1667114469.155479, 18
1667114469.176507, 18
1667114469.193495, 18
1667114469.211979, 16
1667114469.235066, 9
1667114469.252254, 8
1667114469.265598, 6
1667114469.279695, 7
1667114469.295726, 7
1667114469.315203, 7
1667114469.331785, 7
1667114469.349854, 8
1667114469.368662, 8
1667114469.387158, 8
1667114469.402281, 9
1667114469.420265, 10
1667114469.439588, 9
1667114469.455270, 9
1667114469.470823, 9
1667114469.492812, 10
1667114469.508918, 10
1667114469.526367, 10
1667114469.541936, 10
1667114469.557586, 13
1667114469.580908, 11
1667114469.597413, 11
1667114469.613230, 11
1667114469.627022, 11
1667114469.639738, 11
1667114469.653939, 12
1667114469.672203, 12
1667114469.685988, 12
1667114469.700592, 12
1667114469.716170, 13
1667114469.733673, 12
1667114469.750200, 12
1667114469.766693, 12
1667114469.781885, 14
1667114469.797839, 13
1667114469.813464, 12
1667114469.829987, 13
1667114469.845555, 15
1667114469.864059, 14
1667114469.879631, 13
1667114469.895178, 15
1667114469.910778, 15
1667114469.925371, 14
1667114469.937625, 14
1667114469.950690, 15
1667114469.963111, 16
1667114469.975583, 15
1667114469.988210, 16
1667114470.005418, 16
1667114470.020435, 16
1667114470.033514, 15
1667114470.049083, 15
1667114470.073296, 16
1667114470.087892, 16
1667114470.104455, 16
1667114470.119106, 16
1667114470.138514, 16
1667114470.154109, 16
1667114470.167694, 18
1667114470.180447, 19
1667114470.195313, 17
1667114470.207775, 18
1667114470.221314, 18
1667114470.233999, 17
1667114470.251967, 17
1667114470.270868, 18
1667114470.290415, 18
1667114470.305901, 18
1667114470.323003, 18
1667114470.338816, 19
1667114470.354590, 18
1667114470.369194, 18
1667114470.385753, 18
1667114470.401298, 20
1667114470.416961, 18
1667114470.433998, 19
1667114470.449994, 20
1667114470.467541, 20
1667114470.482106, 18
1667114470.500616, 19
1667114470.517631, 19
1667114470.535593, 19
1667114470.552304, 18
1667114470.568762, 17
1667114470.585315, 16
1667114470.600445, 10
1667114470.616651, 9
1667114470.632008, 5
1667114470.647233, 6
1667114470.662716, 9
1667114470.678754, 7
1667114470.700203, 7
1667114470.717760, 8
1667114470.733759, 8
1667114470.753618, 9
1667114470.768217, 8
1667114470.783844, 8
1667114470.799528, 9
1667114470.816639, 9
1667114470.835937, 9
1667114470.849771, 9
1667114470.863781, 9
1667114470.876400, 10
1667114470.888649, 10
1667114470.901137, 10
1667114470.914401, 10
1667114470.929800, 11
1667114470.945371, 12
1667114470.961026, 11
1667114470.977623, 12
1667114470.994585