1667114250.728151, 0
1667114250.754000, 0
1667114250.767605, 0
1667114250.780474, 6
1667114250.792166, 1
1667114250.804007, 4
1667114250.815805, 4
1667114250.829889, 9
1667114250.843537, 13
1667114250.857206, 16
1667114250.870778, 18
1667114250.884538, 21
1667114250.898045, 26
1667114250.911652, 31
1667114250.925362, 33
1667114250.939667, 37
1667114250.954064, 40
1667114250.969089, 43
1667114250.983419, 47
1667114250.997818, 50
1667114251.012565, 49
1667114251.026538, 49
1667114251.040651, 49
1667114251.054757, 50
1667114251.069348, 49
1667114251.084940, 50
1667114251.098089, 50
1667114251.112175, 50
1667114251.126774, 50
1667114251.141366, 50
1667114251.155535, 50
1667114251.170555, 50
1667114251.184174, 49
1667114251.197655, 49
1667114251.211944, 50
1667114251.229021, 49
1667114251.245519, 49
1667114251.260113, 49
1667114251.274695, 50
1667114251.289295, 50
1667114251.302904, 50
1667114251.315688, 49
1667114251.327507, 50
1667114251.340022, 50
1667114251.352776, 49
1667114251.364440, 50
1667114251.377197, 49
1667114251.389638, 48
1667114251.401398, 50
1667114251.413967, 50
1667114251.427327, 50
1667114251.441129, 50
1667114251.455273, 50
1667114251.469854, 50
1667114251.483500, 49
1667114251.497163, 50
1667114251.510769, 50
1667114251.524409, 50
1667114251.538019, 49
1667114251.551618, 48
1667114251.565295, 46
1667114251.578893, 50
1667114251.592501, 50
1667114251.606144, 50
1667114251.622328, 49
1667114251.634363, 49
1667114251.647986, 47
1667114251.662056, 47
1667114251.676160, 49
1667114251.690681, 50
1667114251.705346, 50
1667114251.719978, 50
1667114251.735300, 48
1667114251.747715, 47
1667114251.761385, 42
1667114251.776411, 45
1667114251.790046, 49
1667114251.803652, 47
1667114251.817327, 48
1667114251.831864, 48
1667114251.846022, 45
1667114251.861170, 47
1667114251.876662, 50
1667114251.890315, 47
1667114251.903474, 49
1667114251.917521, 45
1667114251.932129, 38
1667114251.945735, 38
1667114251.960385, 35
1667114251.975025, 31
1667114251.989530, 27
1667114252.004166, 24
1667114252.017790, 24
1667114252.031386, 27
1667114252.045067, 24
1667114252.058645, 21
1667114252.072272, 17
1667114252.085907, 18
1667114252.100508, 18
1667114252.114146, 17
1667114252.128402, 17
1667114252.143348, 17
1667114252.156996, 17
1667114252.171746, 17
1667114252.184219, 17
1667114252.197877, 17
1667114252.211447, 18
1667114252.225069, 16
1667114252.238723, 18
1667114252.252348, 17
1667114252.265700, 16
1667114252.281642, 16
1667114252.296192, 18
1667114252.312453, 17
1667114252.325332, 17
1667114252.338828, 17
1667114252.352654, 17
1667114252.366447, 17
1667114252.381828, 17
1667114252.395437, 17
1667114252.410032, 18
1667114252.424201, 17
1667114252.439016, 18
1667114252.451404, 19
1667114252.464540, 19
1667114252.478603, 18
1667114252.494190, 19
1667114252.508348, 19
1667114252.522888, 20
1667114252.537075, 19
1667114252.549676, 20
1667114252.561572, 18
1667114252.573314, 19
1667114252.585092, 20
1667114252.596668, 19
1667114252.608444, 20
1667114252.620659, 19
1667114252.633303, 20
1667114252.646952, 20
1667114252.660591, 21
1667114252.674247, 20
1667114252.687827, 20
1667114252.701454, 20
1667114252.715105, 20
1667114252.728079, 21
1667114252.742309, 19
1667114252.756478, 20
1667114252.771045, 20
1667114252.785170, 21
1667114252.799316, 20
1667114252.814069, 20
1667114252.827010, 21
1667114252.839692, 20
1667114252.851568, 20
1667114252.863243, 20
1667114252.874977, 21
1667114252.886496, 20
1667114252.898222, 20
1667114252.910739, 22
1667114252.924371, 22
1667114252.937482, 22
1667114252.952585, 21
1667114252.967147, 21
1667114252.981300, 23
1667114252.995413, 23
1667114253.009556, 23
1667114253.024617, 22
1667114253.038217, 22
1667114253.051839, 23
1667114253.065513, 23
1667114253.080113, 23
1667114253.094218, 23
1667114253.109245, 23
1667114253.122913, 23
1667114253.136574, 23
1667114253.150139, 24
1667114253.163323, 23
1667114253.177451, 23
1667114253.193587, 23
1667114253.205598, 23
1667114253.220230, 24
1667114253.233860, 24
1667114253.247469, 23
1667114253.261125, 23
1667114253.275719, 22
1667114253.289324, 25
1667114253.302957, 25
1667114253.317579, 25
1667114253.331181, 25
1667114253.345480, 24
1667114253.361224, 24
1667114253.376903, 25
1667114253.391499, 24
1667114253.405214, 25
1667114253.419748, 25
1667114253.433373, 26
1667114253.447530, 26
1667114253.461611, 26
1667114253.475710, 27
1667114253.488936, 27
1667114253.501534, 26
1667114253.513257, 26
1667114253.524919, 27
1667114253.536622, 26
1667114253.548450, 26
1667114253.560071, 27
1667114253.572853, 26
1667114253.585254, 26
1667114253.598812, 26
1667114253.614194, 26
1667114253.626080, 26
1667114253.640748, 27
1667114253.653883, 26
1667114253.667946, 26
1667114253.681579, 27
1667114253.695705, 27
1667114253.710287, 27
1667114253.723939, 27
1667114253.738043, 28
1667114253.752605, 27
1667114253.766751, 27
1667114253.781788, 27
1667114253.795461, 28
1667114253.809095, 27
1667114253.822670, 28
1667114253.836362, 28
1667114253.849987, 28
1667114253.863548, 28
1667114253.877213, 29
1667114253.890808, 28
1667114253.904454, 28
1667114253.917705, 29
1667114253.931694, 29
1667114253.945839, 28
1667114253.960434, 28
1667114253.974531, 28
1667114253.989136, 28
1667114254.002782, 28
1667114254.017355, 29
1667114254.031500, 29
1667114254.045935, 29
1667114254.060293, 28
1667114254.072121, 28
1667114254.084563, 29
1667114254.096261, 30
1667114254.108029, 29
1667114254.119666, 29
1667114254.131703, 29
1667114254.143871, 30
1667114254.157502, 29
1667114254.171107, 31
1667114254.184322, 31
1667114254.197931, 32
1667114254.212005, 32
1667114254.225613, 32
1667114254.239288, 31
1667114254.252863, 31
1667114254.266508, 31
1667114254.281143, 31
1667114254.295233, 31
1667114254.309336, 31
1667114254.323954, 30
1667114254.337574, 30
1667114254.352150, 32
1667114254.365800, 31
1667114254.379426, 31
1667114254.394015, 32
1667114254.409252, 33
1667114254.424185, 32
1667114254.439792, 32
1667114254.453377, 33
1667114254.467068, 32
1667114254.479784, 32
1667114254.491938, 33
1667114254.504023, 32
1667114254.516305, 32
1667114254.528420, 32
1667114254.540199, 33
1667114254.551870, 33
1667114254.564080, 33
1667114254.576011, 33
1667114254.589648, 34
1667114254.603267, 32
1667114254.616439, 32
1667114254.630150, 32
1667114254.644135, 32
1667114254.658394, 31
1667114254.672407, 33
1667114254.687012, 32
1667114254.702567, 33
1667114254.715709, 33
1667114254.729346, 32
1667114254.742965, 33
1667114254.757105, 33
1667114254.772714, 33
1667114254.786255, 34
1667114254.798935, 34
1667114254.811006, 34
1667114254.823269, 33
1667114254.834914, 33
1667114254.846534, 33
1667114254.858488, 33
1667114254.870442, 34
1667114254.882305, 33
1667114254.896253, 34
1667114254.910827, 33
1667114254.924478, 34
1667114254.938577, 34
1667114254.953635, 35
1667114254.967299, 35
1667114254.981429, 34
1667114254.995513, 35
1667114255.010150, 35
1667114255.023724, 33
1667114255.038334, 35
1667114255.052498, 34
1667114255.067523, 35
1667114255.080725, 34
1667114255.095008, 34
1667114255.109428, 35
1667114255.123998, 36
1667114255.137587, 35
1667114255.151248, 35
1667114255.165838, 36
1667114255.180445, 36
1667114255.195050, 35
1667114255.209616, 35
1667114255.223274, 36
1667114255.236942, 35
1667114255.250123, 35
1667114255.262222, 36
1667114255.273913, 36
1667114255.285532, 35
1667114255.297286, 35
1667114255.308913, 35
1667114255.320647, 35
1667114255.332799, 37
1667114255.346899, 37
1667114255.360524, 37
1667114255.374131, 37
1667114255.388771, 37
1667114255.402937, 37
1667114255.417478, 37
1667114255.432074, 36
1667114255.445701, 36
1667114255.461263, 36
1667114255.478299, 37
1667114255.492871, 37
1667114255.507949, 37
1667114255.521572, 37
1667114255.535647, 38
1667114255.550244, 38
1667114255.563873, 38
1667114255.577496, 38
1667114255.592128, 37
1667114255.604861, 37
1667114255.616841, 37
1667114255.628720, 37
1667114255.640810, 37
1667114255.652517, 37
1667114255.664063, 38
1667114255.675715, 38
1667114255.688998, 38
1667114255.701191, 38
1667114255.714666, 37
1667114255.729337, 37
1667114255.742980, 38
1667114255.757567, 38
1667114255.771682, 38
1667114255.785768, 39
1667114255.799427, 38
1667114255.813527, 38
1667114255.827616, 39
1667114255.842240, 38
1667114255.855721, 39
1667114255.870009, 39
1667114255.884115, 39
1667114255.898240, 39
1667114255.912320, 38
1667114255.924978, 38
1667114255.936816, 39
1667114255.948575, 40
1667114255.960597, 40
1667114255.972531, 39
1667114255.984220, 40
1667114255.997963, 41
1667114256.010486, 41
1667114256.024112, 40
1667114256.037766, 40
1667114256.051357, 40
1667114256.064570, 39
1667114256.079619, 40
1667114256.093207, 41
1667114256.106852, 41
1667114256.121466, 40
1667114256.135583, 40
1667114256.149663, 41
1667114256.163298, 41
1667114256.177666, 40
1667114256.192043, 41
1667114256.206111, 41
1667114256.219766, 41
1667114256.234408, 40
1667114256.247994, 41
1667114256.262599, 40
1667114256.276234, 40
1667114256.290844, 40
1667114256.305426, 41
1667114256.319063, 41
1667114256.333640, 40
1667114256.348225, 40
1667114256.361859, 41
1667114256.376478, 41
1667114256.390075, 40
1667114256.403689, 41
1667114256.418348, 42
1667114256.431944, 41
1667114256.445568, 42
1667114256.458775, 42
1667114256.472374, 42
1667114256.486435, 42
1667114256.501051, 42
1667114256.513769, 43
1667114256.526446, 44
1667114256.538744, 43
1667114256.550873, 43
1667114256.563251, 42
1667114256.575011, 43
1667114256.588660, 43
1667114256.602291, 42
1667114256.614947, 42
1667114256.627695, 41
1667114256.640313, 42
1667114256.652063, 42
1667114256.663715, 43
1667114256.675397, 42
1667114256.687204, 42
1667114256.699148, 42
1667114256.711249, 43
1667114256.724498, 42
1667114256.738503, 42
1667114256.751693, 43
1667114256.765792, 43
1667114256.779394, 43
1667114256.793034, 42
1667114256.806689, 42
1667114256.821263, 42
1667114256.835905, 42
1667114256.850469, 42
1667114256.866025, 44
1667114256.879698, 44
1667114256.894368, 43
1667114256.907413, 43
1667114256.921515, 43
1667114256.935143, 44
1667114256.948513, 43
1667114256.962403, 43
1667114256.975551, 43
1667114256.989628, 45
1667114257.004814, 44
1667114257.016939, 44
1667114257.031504, 44
1667114257.044228, 44
1667114257.056074, 44
1667114257.068527, 45
1667114257.080162, 45
1667114257.091911, 44
1667114257.103500, 44
1667114257.115429, 44
1667114257.129106, 45
1667114257.141461, 44
1667114257.155081, 45
1667114257.168761, 44
1667114257.182340, 45
1667114257.196021, 45
1667114257.209632, 44
1667114257.223240, 45
1667114257.236512, 45
1667114257.251850, 45
1667114257.265709, 45
1667114257.277969, 45
1667114257.289997, 45
1667114257.301679, 45
1667114257.313823, 45
1667114257.326511, 46
1667114257.341162, 47
1667114257.353754, 46
1667114257.366941, 46
1667114257.381035, 46
1667114257.395113, 47
1667114257.410200, 47
1667114257.423821, 47
1667114257.437455, 46
1667114257.451037, 47
1667114257.464755, 47
1667114257.479063, 46
1667114257.493878, 47
1667114257.509509, 48
1667114257.523602, 48
1667114257.537536, 47
1667114257.552275, 47
1667114257.565907, 47
1667114257.581174, 46
1667114257.596164, 47
1667114257.612642, 45
1667114257.626824, 45
1667114257.640857, 45
1667114257.654475, 47
1667114257.668096, 46
1667114257.682791, 47
1667114257.698057, 47
1667114257.712857, 47
1667114257.727543, 47
1667114257.742083, 47
1667114257.756723, 47
1667114257.771821, 47
1667114257.786398, 46
1667114257.800451, 47
1667114257.815047, 48
1667114257.829663, 47
1667114257.844291, 48
1667114257.858858, 47
1667114257.872478, 47
1667114257.885991, 47
1667114257.900382, 48
1667114257.915318, 48
1667114257.930376, 47
1667114257.945532, 48
1667114257.961397, 48
1667114257.975565, 48
1667114257.990275, 48
1667114258.004877, 48
1667114258.020494, 48
1667114258.035657, 48
1667114258.050619, 47
1667114258.065297, 47
1667114258.080467, 49
1667114258.095728, 47
1667114258.110931, 49
1667114258.123722, 48
1667114258.136517, 48
1667114258.148409, 49
1667114258.160334, 49
1667114258.172268, 48
1667114258.184350, 48
1667114258.198244, 48
1667114258.212143, 49
1667114258.224820, 48
1667114258.238443, 48
1667114258.252988, 49
1667114258.267631, 49
1667114258.282944, 49
1667114258.297393, 50
1667114258.312446, 49
1667114258.327589, 49
1667114258.342649, 49
1667114258.357244, 49
1667114258.371756, 48
1667114258.385925, 49
1667114258.400510, 49
1667114258.414630, 49
1667114258.429235, 49
1667114258.443326, 49
1667114258.458414, 49
1667114258.472537, 49
1667114258.485576, 49
1667114258.499793, 49
1667114258.513893, 49
1667114258.528545, 49
1667114258.542865, 49
1667114258.557317, 49
1667114258.573289, 50
1667114258.586872, 49
1667114258.602117, 48
1667114258.613963, 48
1667114258.628302, 50
1667114258.643385, 50
1667114258.658556, 49
1667114258.675463, 49
1667114258.689101, 48
1667114258.703210, 49
1667114258.715762, 49
1667114258.727845, 49
1667114258.739603, 48
1667114258.751416, 48
1667114258.763357, 49
1667114258.774990, 44
1667114258.788017, 38
1667114258.800057, 33
1667114258.814207, 28
1667114258.827320, 22
1667114258.839117, 20
1667114258.850853, 23
1667114258.862592, 22
1667114258.877056, 23
1667114258.891621, 22
1667114258.906154, 22
1667114258.923425, 22
1667114258.935317, 22
1667114258.950464, 22
1667114258.964595, 22
1667114258.981109, 22
1667114258.995676, 22
1667114259.010281, 22
1667114259.024905, 22
1667114259.040453, 23
1667114259.054085, 23
1667114259.067691, 24
1667114259.083598, 24
1667114259.097380, 24
1667114259.109544, 23
1667114259.123176, 24
1667114259.137551, 24
1667114259.151889, 24
1667114259.166003, 24
1667114259.180595, 24
1667114259.194752, 25
1667114259.209844, 24
1667114259.223746, 26
1667114259.238508, 25
1667114259.253594, 24
1667114259.268218, 24
1667114259.281829, 25
1667114259.296399, 26
1667114259.311603, 26
1667114259.325635, 26
1667114259.341219, 24
1667114259.354430, 25
1667114259.368432, 25
1667114259.383580, 26
1667114259.398185, 26
1667114259.412752, 26
1667114259.427406, 26
1667114259.441992, 27
1667114259.457071, 26
1667114259.472133, 27
1667114259.486218, 26
1667114259.499854, 27
1667114259.513449, 27
1667114259.528062, 26
1667114259.542643, 28
1667114259.557274, 27
1667114259.571400, 26
1667114259.584539, 27
1667114259.598547, 27
1667114259.612747, 27
1667114259.625731, 28
1667114259.638080, 27
1667114259.650102, 27
1667114259.662412, 28
1667114259.674189, 27
1667114259.686531, 27
1667114259.699995, 27
1667114259.712591, 28
1667114259.727703, 27
1667114259.743213, 27
1667114259.758278, 28
1667114259.773325, 28
1667114259.787990, 28
1667114259.801554, 28
1667114259.815704, 28
1667114259.830280, 28
1667114259.844561, 29
1667114259.859516, 28
1667114259.874573, 30
1667114259.888176, 28
1667114259.902290, 28
1667114259.916513, 28
1667114259.931647, 30
1667114259.945645, 29
1667114259.960221, 30
1667114259.974404, 30
1667114259.989446, 30
1667114260.003588, 29
1667114260.018629, 30
1667114260.032205, 31
1667114260.046405, 29
1667114260.060448, 30
1667114260.075051, 30
1667114260.089699, 31
1667114260.103289, 31
1667114260.117402, 30
1667114260.132484, 31
1667114260.146146, 31
1667114260.160726, 30
1667114260.175189, 31
1667114260.189547, 31
1667114260.204516, 32
1667114260.218014, 30
1667114260.231738, 31
1667114260.245894, 32
1667114260.259996, 32
1667114260.274584, 30
1667114260.289239, 31
1667114260.304785, 31
1667114260.318926, 32
1667114260.333462, 31
1667114260.347581, 32
1667114260.362201, 32
1667114260.376795, 32
1667114260.391373, 30
1667114260.408059, 32
1667114260.420604, 31
1667114260.434202, 31
1667114260.447813, 31
1667114260.461472, 32
1667114260.476058, 32
1667114260.490701, 32
1667114260.505249, 32
1667114260.519380, 33
1667114260.533985, 33
1667114260.549096, 31
1667114260.563642, 32
1667114260.577783, 34
1667114260.594128, 33
1667114260.606510, 32
1667114260.620096, 32
1667114260.633724, 33
1667114260.647905, 33
1667114260.662444, 33
1667114260.677522, 34
1667114260.691151, 33
1667114260.705730, 33
1667114260.719427, 33
1667114260.733994, 33
1667114260.748591, 34
1667114260.763230, 33
1667114260.778850, 35
1667114260.796249, 34
1667114260.810603, 34
1667114260.825539, 33
1667114260.841051, 35
1667114260.854730, 35
1667114260.869293, 34
1667114260.884443, 34
1667114260.898467, 34
1667114260.913077, 35
1667114260.926235, 34
1667114260.942084, 34
1667114260.954451, 35
1667114260.968129, 36
1667114260.982152, 35
1667114260.995811, 34
1667114261.009433, 36
1667114261.023551, 36
1667114261.037684, 35
1667114261.053307, 36
1667114261.066870, 35
1667114261.080493, 36
1667114261.096308, 35
1667114261.108720, 35
1667114261.122328, 35
1667114261.136510, 36
1667114261.152189, 36
1667114261.164143, 36
1667114261.178804, 37
1667114261.193374, 37
1667114261.206987, 36
1667114261.222321, 37
1667114261.234255, 37
1667114261.247882, 37
1667114261.262465, 37
1667114261.277086, 36
1667114261.291686, 37
1667114261.306247, 36
1667114261.320906, 36
1667114261.336548, 37
1667114261.351036, 37
1667114261.365622, 37
1667114261.380025, 38
1667114261.395820, 39
1667114261.409502, 38
1667114261.423067, 37
1667114261.436697, 38
1667114261.449841, 39
1667114261.463479, 39
1667114261.477589, 38
1667114261.492166, 37
1667114261.506807, 38
1667114261.518961, 37
1667114261.532580, 37
1667114261.545261, 38
1667114261.557218, 38
1667114261.569002, 38
1667114261.580738, 38
1667114261.592410, 38
1667114261.603961, 39
1667114261.615773, 39
1667114261.629444, 39
1667114261.643081, 39
1667114261.656169, 40
1667114261.670296, 39
1667114261.683925, 39
1667114261.697677, 37
1667114261.711148, 39
1667114261.724884, 38
1667114261.738949, 38
1667114261.752069, 38
1667114261.764510, 38
1667114261.776709, 40
1667114261.788322, 40
1667114261.800404, 39
1667114261.812510, 41
1667114261.824157, 41
1667114261.836877, 40
1667114261.849883, 40
1667114261.864015, 41
1667114261.878584, 40
1667114261.893215, 40
1667114261.905876, 39
1667114261.917608, 40
1667114261.929581, 39
1667114261.941337, 40
1667114261.953658, 39
1667114261.965443, 39
1667114261.978542, 40
1667114261.991011, 41
1667114262.004647, 40
1667114262.018723, 41
1667114262.032368, 41
1667114262.045969, 41
1667114262.059673, 41
1667114262.073253, 41
1667114262.086896, 42
1667114262.101455, 42
1667114262.117096, 42
1667114262.130706, 42
1667114262.144300, 40
1667114262.157900, 40
1667114262.173015, 40
1667114262.185130, 41
1667114262.198783, 41
1667114262.213359, 41
1667114262.227383, 40
1667114262.242570, 43
1667114262.256250, 42
1667114262.269889, 42
1667114262.283802, 42
1667114262.297092, 42
1667114262.308991, 42
1667114262.320940, 43
1667114262.332737, 42
1667114262.344845, 41
1667114262.356639, 41
1667114262.368474, 42
1667114262.381495, 43
1667114262.393455, 42
1667114262.407133, 41
1667114262.422673, 41
1667114262.437308, 43
1667114262.451831, 43
1667114262.465488, 43
1667114262.480075, 42
1667114262.494687, 43
1667114262.509271, 43
1667114262.522538, 43
1667114262.536569, 43
1667114262.551109, 44
1667114262.564773, 43
1667114262.579378, 43
1667114262.593920, 42
1667114262.608079, 42
1667114262.623152, 42
1667114262.636783, 42
1667114262.650391, 43
1667114262.664027, 41
1667114262.678149, 45
1667114262.693203, 44
1667114262.706827, 44
1667114262.721481, 44
1667114262.735677, 44
1667114262.750176, 44
1667114262.764265, 44
1667114262.778962, 43
1667114262.793468, 44
1667114262.807608, 44
1667114262.821700, 43
1667114262.836301, 44
1667114262.850486, 43
1667114262.864182, 44
1667114262.879115, 44
1667114262.893707, 45
1667114262.908979, 46
1667114262.924580, 46
1667114262.940464, 45
1667114262.954581, 46
1667114262.969699, 46
1667114262.983822, 44
1667114262.998830, 44
1667114263.012960, 45
1667114263.027056, 45
1667114263.041675, 44
1667114263.055259, 45
1667114263.068900, 44
1667114263.082520, 44
1667114263.096653, 45
1667114263.111708, 45
1667114263.127294, 45
1667114263.140934, 45
1667114263.154202, 46
1667114263.168201, 46
1667114263.182810, 47
1667114263.197422, 47
1667114263.212025, 46
1667114263.225608, 44
1667114263.240218, 46
1667114263.253834, 45
1667114263.267472, 45
1667114263.281607, 46
1667114263.295270, 45
1667114263.309801, 45
1667114263.323932, 46
1667114263.338300, 45
1667114263.354851, 46
1667114263.366716, 47
1667114263.381388, 47
1667114263.395487, 47
1667114263.410124, 48
1667114263.424687, 47
1667114263.438671, 46
1667114263.453859, 46
1667114263.468149, 46
1667114263.482576, 46
1667114263.497205, 45
1667114263.509896, 47
1667114263.521588, 46
1667114263.533438, 46
1667114263.545331, 47
1667114263.557144, 47
1667114263.569246, 46
1667114263.582362, 47
1667114263.594471, 48
1667114263.608651, 48
1667114263.623221, 47
1667114263.637306, 48
1667114263.651944, 48
1667114263.666513, 49
1667114263.681165, 49
1667114263.695702, 48
1667114263.709853, 47
1667114263.722992, 47
1667114263.737583, 48
1667114263.751722, 48
1667114263.765814, 47
1667114263.780414, 48
1667114263.795036, 47
1667114263.810567, 49
1667114263.824214, 48
1667114263.837821, 49
1667114263.851419, 48
1667114263.865039, 50
1667114263.879677, 48
1667114263.894392, 49
1667114263.909856, 49
1667114263.923453, 48
1667114263.937115, 48
1667114263.950699, 48
1667114263.965385, 49
1667114263.979942, 48
1667114263.994514, 48
1667114264.009104, 48
1667114264.023514, 48
1667114264.037339, 49
1667114264.051538, 49
1667114264.065568, 50
1667114264.080166, 50
1667114264.093800, 49
1667114264.106445, 48
1667114264.118052, 48
1667114264.130070, 49
1667114264.141621, 48
1667114264.153199, 47
1667114264.165078, 48
1667114264.178656, 49
1667114264.191125, 48
1667114264.204802, 49
1667114264.218356, 48
1667114264.231540, 47
1667114264.245646, 47
1667114264.258846, 47
1667114264.272910, 48
1667114264.287509, 47
1667114264.302086, 48
1667114264.316675, 47
1667114264.331264, 44
1667114264.345410, 37
1667114264.360493, 31
1667114264.375070, 25
1667114264.389696, 21
1667114264.404990, 22
1667114264.417873, 21
1667114264.431079, 21
1667114264.445152, 22
1667114264.458797, 22
1667114264.473347, 23
1667114264.487016, 23
1667114264.501614, 23
1667114264.516210, 23
1667114264.531767, 22
1667114264.545405, 22
1667114264.559028, 23
1667114264.572657, 22
1667114264.586336, 23
1667114264.599710, 22
1667114264.614520, 23
1667114264.628193, 23
1667114264.642724, 22
1667114264.657404, 24
1667114264.670982, 25
1667114264.683614, 25
1667114264.695417, 25
1667114264.707322, 24
1667114264.719166, 24
1667114264.731127, 24
1667114264.742699, 24
1667114264.755331, 23
1667114264.769189, 24
1667114264.781898, 24
1667114264.795070, 24
1667114264.810232, 24
1667114264.823741, 25
1667114264.837401, 27
1667114264.852031, 26
1667114264.866628, 25
1667114264.882173, 25
1667114264.895432, 25
1667114264.909926, 24
1667114264.924985, 25
1667114264.939603, 25
1667114264.954185, 25
1667114264.967710, 24
1667114264.981922, 26
1667114264.995576, 27
1667114265.010635, 27
1667114265.024362, 27
1667114265.040241, 26
1667114265.053659, 27
1667114265.066566, 26
1667114265.078719, 26
1667114265.090984, 26
1667114265.102852, 26
1667114265.114767, 26
1667114265.127432, 26
1667114265.142717, 26
1667114265.156364, 27
1667114265.169299, 28
1667114265.182885, 28
1667114265.196572, 28
1667114265.211124, 29
1667114265.226723, 28
1667114265.240000, 27
1667114265.254069, 28
1667114265.268639, 27
1667114265.283700, 27
1667114265.297325, 26
1667114265.311896, 27
1667114265.325520, 28
1667114265.340603, 28
1667114265.354234, 27
1667114265.368356, 28
1667114265.382422, 30
1667114265.395583, 29
1667114265.409234, 29
1667114265.423304, 29
1667114265.436961, 29
1667114265.450555, 28
1667114265.464189, 29
1667114265.478350, 29
1667114265.492792, 29
1667114265.506003, 30
1667114265.518310, 29
1667114265.530460, 29
1667114265.542212, 30
1667114265.554718, 31
1667114265.566316, 31
1667114265.577884, 31
1667114265.590349, 31
1667114265.602394, 31
1667114265.615995, 30
1667114265.629652, 29
1667114265.643747, 29
1667114265.658377, 30
1667114265.674113, 30
1667114265.685937, 29
1667114265.699755, 30
1667114265.714316, 30
1667114265.729971, 30
1667114265.744839, 31
1667114265.757205, 32
1667114265.771296, 30
1667114265.785368, 31
1667114265.799043, 31
1667114265.812662, 31
1667114265.826071, 31
1667114265.840924, 31
1667114265.855460, 31
1667114265.869575, 32
1667114265.883668, 30
1667114265.898283, 31
1667114265.912884, 32
1667114265.927477, 32
1667114265.941152, 31
1667114265.955701, 32
1667114265.969830, 33
1667114265.983976, 33
1667114265.998043, 33
1667114266.013139, 31
1667114266.027252, 32
1667114266.041840, 32
1667114266.055949, 32
1667114266.070544, 31
1667114266.084177, 32
1667114266.099176, 32
1667114266.114247, 33
1667114266.130892, 34
1667114266.145487, 33
1667114266.160106, 33
1667114266.174201, 33
1667114266.188320, 35
1667114266.200869, 35
1667114266.213006, 33
1667114266.224941, 33
1667114266.236662, 33
1667114266.248705, 34
1667114266.260385, 33
1667114266.272389, 32
1667114266.284703, 34
1667114266.297987, 33
1667114266.311935, 34
1667114266.326088, 34
1667114266.340122, 34
1667114266.354734, 34
1667114266.368385, 34
1667114266.381979, 35
1667114266.395604, 35
1667114266.409781, 35
1667114266.424395, 35
1667114266.438436, 34
1667114266.455639, 34
1667114266.467662, 34
1667114266.482255, 33
1667114266.495895, 33
1667114266.510469, 34
1667114266.525114, 35
1667114266.540647, 35
1667114266.555288, 36
1667114266.566929, 36
1667114266.581551, 37
1667114266.595669, 35
1667114266.609827, 34
1667114266.624368, 35
1667114266.639660, 36
1667114266.655476, 35
1667114266.669139, 36
1667114266.682762, 35
1667114266.696375, 36
1667114266.709725, 34
1667114266.723631, 37
1667114266.737810, 36
1667114266.754507, 37
1667114266.766401, 37
1667114266.782035, 38
1667114266.795658, 37
1667114266.809825, 36
1667114266.823906, 36
1667114266.837517, 37
1667114266.851129, 36
1667114266.864775, 36
1667114266.878406, 35
1667114266.893663, 36
1667114266.906135, 36
1667114266.919261, 36
1667114266.933871, 36
1667114266.947946, 37
1667114266.960821, 38
1667114266.972679, 39
1667114266.984439, 39
1667114266.997162, 39
1667114267.008974, 38
1667114267.020767, 37
1667114267.033205, 37
1667114267.045342, 38
1667114267.059947, 37
1667114267.075069, 37
1667114267.087644, 37
1667114267.101268, 38
1667114267.114897, 37
1667114267.129490, 39
1667114267.142962, 38
1667114267.158697, 38
1667114267.174335, 38
1667114267.189847, 39
1667114267.204018, 39
1667114267.217144, 40
1667114267.230728, 38
1667114267.245324, 39
1667114267.258966, 38
1667114267.273565, 39
1667114267.288178, 39
1667114267.302739, 38
1667114267.317355, 39
1667114267.331931, 39
1667114267.347493, 40
1667114267.361158, 39
1667114267.374764, 39
1667114267.389386, 39
1667114267.402808, 41
1667114267.416615, 40
1667114267.431189, 39
1667114267.444972, 39
1667114267.459954, 39
1667114267.474042, 39
1667114267.488695, 39
1667114267.503279, 40
1667114267.517852, 38
1667114267.532425, 40
1667114267.545136, 40
1667114267.557923, 41
1667114267.569699, 41
1667114267.581507, 41
1667114267.593260, 41
1667114267.605492, 41
1667114267.619431, 42
1667114267.631695, 41
1667114267.645351, 41
1667114267.658861, 40
1667114267.673541, 40
1667114267.687209, 39
1667114267.700834, 41
1667114267.714426, 40
1667114267.728068, 40
1667114267.741719, 40
1667114267.755927, 41
1667114267.771881, 41
1667114267.785483, 42
1667114267.799175, 41
1667114267.812734, 42
1667114267.826374, 42
1667114267.839999, 42
1667114267.853625, 42
1667114267.867240, 41
1667114267.880869, 42
1667114267.894520, 41
1667114267.909092, 41
1667114267.924189, 42
1667114267.937838, 42
1667114267.952473, 41
1667114267.967520, 42
1667114267.981628, 43
1667114267.995383, 42
1667114268.009856, 42
1667114268.023734, 42
1667114268.038101, 42
1667114268.054630, 43
1667114268.072386, 42
1667114268.084318, 42
1667114268.098927, 43
1667114268.112520, 42
1667114268.126152, 42
1667114268.140783, 42
1667114268.154885, 43
1667114268.169961, 42
1667114268.184054, 43
1667114268.198171, 42
1667114268.210913, 44
1667114268.223487, 43
1667114268.235662, 44
1667114268.247973, 44
1667114268.261042, 44
1667114268.273131, 44
1667114268.286815, 44
1667114268.301344, 43
1667114268.314987, 44
1667114268.328596, 43
1667114268.342216, 43
1667114268.356360, 43
1667114268.371052, 42
1667114268.385078, 42
1667114268.399657, 43
1667114268.414292, 42
1667114268.429335, 44
1667114268.443999, 44
1667114268.459542, 45
1667114268.474565, 44
1667114268.488731, 44
1667114268.503792, 45
1667114268.517410, 44
1667114268.531012, 44
1667114268.544725, 45
1667114268.558813, 44
1667114268.572916, 44
1667114268.589456, 44
1667114268.602605, 44
1667114268.616233, 43
1667114268.630305, 45
1667114268.643515, 46
1667114268.657582, 46
1667114268.672140, 46
1667114268.686797, 45
1667114268.701354, 46
1667114268.715439, 45
1667114268.729604, 46
1667114268.741443, 45
1667114268.753280, 45
1667114268.764981, 46
1667114268.776586, 45
1667114268.788474, 44
1667114268.801183, 45
1667114268.813792, 46
1667114268.826946, 45
1667114268.841510, 44
1667114268.855154, 46
1667114268.873050, 46
1667114268.885320, 46
1667114268.898730, 46
1667114268.911849, 47
1667114268.923954, 47
1667114268.935625, 48
1667114268.947568, 47
1667114268.960294, 47
1667114268.972087, 46
1667114268.984447, 46
1667114268.997288, 46
1667114269.010869, 45
1667114269.024522, 46
1667114269.038153, 46
1667114269.054212, 46
1667114269.067494, 47
1667114269.081547, 46
1667114269.096102, 47
1667114269.110173, 47
1667114269.124758, 47
1667114269.139338, 47
1667114269.153990, 47
1667114269.167596, 47
1667114269.181181, 48
1667114269.195805, 48
1667114269.209433, 47
1667114269.225947, 46
1667114269.241573, 46
1667114269.255688, 47
1667114269.270735, 46
1667114269.285860, 48
1667114269.301959, 47
1667114269.318013, 48
1667114269.334246, 48
1667114269.346203, 49
1667114269.358103, 49
1667114269.370113, 49
1667114269.381780, 48
1667114269.393861, 48
1667114269.406324, 48
1667114269.418707, 49
1667114269.432338, 48
1667114269.445962, 48
1667114269.460080, 47
1667114269.474178, 48
1667114269.487820, 48
1667114269.501397, 48
1667114269.515041, 48
1667114269.528681, 49
1667114269.542289, 48
1667114269.555905, 49
1667114269.570509, 49
1667114269.584637, 50
1667114269.597795, 49
1667114269.610597, 49
1667114269.622371, 49
1667114269.634757, 50
1667114269.646464, 49
1667114269.658173, 49
1667114269.670049, 49
1667114269.683173, 49
1667114269.696091, 50
1667114269.709676, 48
1667114269.723353, 48
1667114269.736963, 49
1667114269.751063, 50
1667114269.765196, 49
1667114269.779792, 49
1667114269.793977, 49
1667114269.809564, 49
1667114269.824566, 50
1667114269.838691, 50
1667114269.853310, 50
1667114269.868417, 49
1667114269.883974, 50
1667114269.897548, 49
1667114269.911687, 48
1667114269.925812, 48
1667114269.939413, 49
1667114269.953993, 48
1667114269.967646, 48
1667114269.981254, 47
1667114269.995859, 48
1667114270.009510, 47
1667114270.023104, 49
1667114270.037709, 47
1667114270.052322, 41
1667114270.066911, 36
1667114270.081525, 30
1667114270.095110, 23
1667114270.109734, 21
1667114270.123426, 22
1667114270.138489, 22
1667114270.152554, 21
1667114270.166190, 21
1667114270.179788, 22
1667114270.193456, 22
1667114270.208801, 24
1667114270.221645, 23
1667114270.235285, 23
1667114270.248940, 23
1667114270.262480, 22
1667114270.276178, 23
1667114270.288956, 22
1667114270.300701, 23
1667114270.312397, 23
1667114270.324462, 22
1667114270.336537, 24
1667114270.348414, 24
1667114270.360854, 23
1667114270.376554, 25
1667114270.390050, 25
1667114270.404669, 24
1667114270.418227, 25
1667114270.431897, 24
1667114270.446012, 24
1667114270.461091, 25
1667114270.475209, 24
1667114270.489310, 24
1667114270.505494, 25
1667114270.517537, 23
1667114270.531993, 23
1667114270.546745, 24
1667114270.562314, 26
1667114270.576903, 25
1667114270.591264, 25
1667114270.606102, 26
1667114270.620296, 25
1667114270.634340, 25
1667114270.647966, 25
1667114270.661633, 25
1667114270.675689, 25
1667114270.689796, 25
1667114270.704403, 25
1667114270.717145, 26
1667114270.729499, 27
1667114270.741256, 27
1667114270.752999, 26
1667114270.764735, 26
1667114270.776561, 27
1667114270.789152, 26
1667114270.803687, 26
1667114270.816850, 27
1667114270.830958, 27
1667114270.845527, 26
1667114270.859734, 27
1667114270.872833, 27
1667114270.887372, 28
1667114270.901268, 26
1667114270.916087, 28
1667114270.930824, 28
1667114270.943437, 29
1667114270.955638, 28
1667114270.968042, 28
1667114270.980042, 28
1667114270.991669, 28
1667114271.004459, 28
1667114271.016426, 28
1667114271.030988, 28
1667114271.046073, 28
1667114271.060682, 29
1667114271.074738, 28
1667114271.088845, 27
1667114271.104409, 29
1667114271.118529, 29
1667114271.133615, 28
1667114271.146966, 29
1667114271.160894, 28
1667114271.175475, 28
1667114271.189096, 28
1667114271.203252, 29
1667114271.218879, 30
1667114271.232886, 29
1667114271.246587, 28
1667114271.262104, 28
1667114271.275751, 29
1667114271.289382, 30
1667114271.303979, 31
1667114271.318086, 31
1667114271.333166, 30
1667114271.347258, 29
1667114271.362346, 30
1667114271.376007, 30
1667114271.389709, 29
1667114271.404229, 29
1667114271.418813, 29
1667114271.435434, 30
1667114271.452226, 30
1667114271.465058, 31
1667114271.478679, 31
1667114271.492775, 32
1667114271.505930, 31
1667114271.520103, 32
1667114271.535115, 31
1667114271.550200, 31
1667114271.564335, 31
1667114271.577055, 30
1667114271.589629, 31
1667114271.601417, 32
1667114271.613250, 31
1667114271.625008, 31
1667114271.637092, 31
1667114271.649126, 32
1667114271.662229, 32
1667114271.674768, 33
1667114271.688417, 33
1667114271.701805, 32
1667114271.716676, 33
1667114271.730250, 32
1667114271.744036, 32
1667114271.758538, 33
1667114271.772612, 32
1667114271.785805, 32
1667114271.800379, 33
1667114271.814947, 33
1667114271.829533, 31
1667114271.843656, 32
1667114271.860723, 33
1667114271.875279, 33
1667114271.890867, 33
1667114271.904502, 33
1667114271.920072, 35
1667114271.933674, 33
1667114271.947271, 33
1667114271.961907, 32
1667114271.976528, 33
1667114271.991107, 33
1667114272.005692, 32
1667114272.019313, 34
1667114272.032974, 34
1667114272.047623, 33
1667114272.062343, 33
1667114272.074057, 34
1667114272.085881, 35
1667114272.098205, 36
1667114272.110815, 34
1667114272.122640, 35
1667114272.135090, 35
1667114272.147339, 35
1667114272.160466, 34
1667114272.176047, 33
1667114272.190605, 34
1667114272.205248, 34
1667114272.218390, 34
1667114272.233502, 34
1667114272.247719, 34
1667114272.262170, 35
1667114272.276297, 35
1667114272.291376, 36
1667114272.305983, 36
1667114272.321041, 35
1667114272.336655, 34
1667114272.351238, 36
1667114272.365368, 36
1667114272.380458, 35
1667114272.396042, 35
1667114272.410603, 36
1667114272.425198, 36
1667114272.438711, 34
1667114272.456371, 36
1667114272.470929, 37
1667114272.486101, 38
1667114272.502090, 37
1667114272.517706, 37
1667114272.533358, 35
1667114272.549517, 35
1667114272.565334, 36
1667114272.579930, 37
1667114272.595106, 36
1667114272.610664, 37
1667114272.626693, 36
1667114272.641788, 37
1667114272.656881, 36
1667114272.672451, 37
1667114272.688930, 38
1667114272.705513, 38
1667114272.720097, 39
1667114272.737540, 38
1667114272.750271, 37
1667114272.764897, 36
1667114272.780498, 37
1667114272.796011, 38
1667114272.810645, 37
1667114272.827186, 37
1667114272.842304, 38
1667114272.858352, 38
1667114272.874837, 38
1667114272.889455, 39
1667114272.902694, 40
1667114272.914876, 40
1667114272.927588, 39
1667114272.940034, 39
1667114272.953049, 39
1667114272.966054, 38
1667114272.980942, 37
1667114272.996541, 38
1667114273.011667, 39
1667114273.026714, 37
1667114273.042277, 39
1667114273.057842, 38
1667114273.073415, 38
1667114273.088962, 39
1667114273.103587, 41
1667114273.120671, 40
1667114273.135257, 40
1667114273.150282, 39
1667114273.164923, 39
1667114273.180014, 40
1667114273.194698, 39
1667114273.210636, 39
1667114273.225270, 39
1667114273.241787, 39
1667114273.256417, 40
1667114273.271498, 39
1667114273.286117, 41
1667114273.301166, 40
1667114273.317783, 41
1667114273.333277, 41
1667114273.347896, 41
1667114273.363462, 41
1667114273.378050, 41
1667114273.392190, 40
1667114273.407233, 39
1667114273.423813, 39
1667114273.438038, 41
1667114273.455917, 40
1667114273.471054, 39
1667114273.485124, 40
1667114273.500931, 42
1667114273.516784, 41
1667114273.531370, 41
1667114273.546412, 42
1667114273.562014, 43
1667114273.579113, 43
1667114273.595113, 41
1667114273.611634, 41
1667114273.626759, 41
1667114273.641710, 42
1667114273.657417, 42
1667114273.673957, 41
1667114273.687589, 41
1667114273.703120, 41
1667114273.717666, 42
1667114273.733314, 41
1667114273.748882, 43
1667114273.764457, 42
1667114273.779043, 43
1667114273.794604, 43
1667114273.810178, 43
1667114273.824761, 43
1667114273.840358, 42
1667114273.853977, 42
1667114273.866549, 43
1667114273.878752, 43
1667114273.892014, 43
1667114273.904380, 42
1667114273.916875, 43
1667114273.929928, 42
1667114273.945736, 44
1667114273.961049, 44
1667114273.976627, 43
1667114273.993256, 43
1667114274.008383, 44
1667114274.024314, 44
1667114274.040892, 43
1667114274.056461, 43
1667114274.071995, 43
1667114274.087559, 44
1667114274.103164, 43
1667114274.119232, 43
1667114274.135037, 44
1667114274.152156, 45
1667114274.168147, 45
1667114274.184450, 45
1667114274.197834, 44
1667114274.210493, 45
1667114274.222643, 44
1667114274.234862, 45
1667114274.246786, 44
1667114274.259730, 44
1667114274.272060, 43
1667114274.286645, 45
1667114274.301779, 44
1667114274.316310, 45
1667114274.331902, 44
1667114274.347439, 43
1667114274.362065, 44
1667114274.376180, 45
1667114274.391228, 46
1667114274.405878, 44
1667114274.421414, 46
1667114274.435035, 46
1667114274.450171, 46
1667114274.464211, 45
1667114274.478366, 46
1667114274.493437, 46
1667114274.508555, 45
1667114274.523143, 45
1667114274.538240, 45
1667114274.552811, 45
1667114274.566985, 45
1667114274.581010, 46
1667114274.595602, 45
1667114274.611199, 45
1667114274.625213, 47
1667114274.642377, 47
1667114274.656550, 47
1667114274.671561, 47
1667114274.685677, 46
1667114274.700287, 46
1667114274.714378, 46
1667114274.728581, 46
1667114274.742579, 45
1667114274.756218, 46
1667114274.770544, 45
1667114274.785434, 47
1667114274.799552, 46
1667114274.813652, 47
1667114274.828306, 46
1667114274.843453, 47
1667114274.858413, 47
1667114274.873018, 47
1667114274.887649, 48
1667114274.902219, 48
1667114274.916850, 48
1667114274.931946, 49
1667114274.946015, 47
1667114274.960527, 47
1667114274.975742, 47
1667114274.990352, 47
1667114275.005385, 48
1667114275.020964, 47
1667114275.036075, 47
1667114275.050680, 47
1667114275.064760, 48
1667114275.079896, 49
1667114275.094935, 49
1667114275.108259, 48
1667114275.121385, 48
1667114275.133384, 48
1667114275.145249, 48
1667114275.157192, 49
1667114275.170963, 48
1667114275.183494, 48
1667114275.199101, 48
1667114275.214681, 48
1667114275.230246, 47
1667114275.245804, 47
1667114275.260425, 49
1667114275.274973, 48
1667114275.290582, 50
1667114275.305189, 49
1667114275.320809, 49
1667114275.335333, 49
1667114275.350939, 49
1667114275.365514, 50
1667114275.379670, 49
1667114275.394721, 49
1667114275.409344, 48
1667114275.423904, 50
1667114275.438484, 49
1667114275.452121, 49
1667114275.466777, 48
1667114275.481362, 50
1667114275.495947, 48
1667114275.511546, 48
1667114275.525853, 50
1667114275.541710, 49
1667114275.556252, 50
1667114275.570927, 50
1667114275.585472, 50
1667114275.600569, 49
1667114275.615194, 49
1667114275.629806, 50
1667114275.644422, 49
1667114275.659426, 50
1667114275.675051, 48
1667114275.691580, 48
1667114275.707148, 48
1667114275.721771, 49
1667114275.737294, 49
1667114275.751899, 48
1667114275.766504, 49
1667114275.781117, 47
1667114275.795737, 40
1667114275.811283, 35
1667114275.825863, 29
1667114275.841492, 22
1667114275.857065, 21
1667114275.871182, 22
1667114275.885787, 22
1667114275.900374, 22
1667114275.914966, 22
1667114275.929583, 22
1667114275.944636, 22
1667114275.962212, 23
1667114275.977737, 23
1667114275.993279, 23
1667114276.007912, 22
1667114276.022987, 24
1667114276.039067, 23
1667114276.053606, 22
1667114276.068226, 23
1667114276.081867, 22
1667114276.095970, 23
1667114276.113019, 23
1667114276.128633, 25
1667114276.142759, 25
1667114276.156809, 24
1667114276.171388, 24
1667114276.185989, 25
1667114276.200663, 24
1667114276.216194, 24
1667114276.231721, 24
1667114276.245381, 23
1667114276.259990, 25
1667114276.274582, 25
1667114276.288753, 25
1667114276.304763, 25
1667114276.319377, 25
1667114276.333574, 25
1667114276.346854, 25
1667114276.359476, 26
1667114276.371655, 26
1667114276.383571, 25
1667114276.395473, 25
1667114276.408372, 25
1667114276.421071, 25
1667114276.435154, 25
1667114276.450746, 25
1667114276.463420, 26
1667114276.477055, 26
1667114276.491622, 27
1667114276.507205, 27
1667114276.522774, 26
1667114276.536130, 27
1667114276.548770, 26
1667114276.561126, 26
1667114276.573141, 27
1667114276.585555, 26
1667114276.598005, 26
1667114276.610354, 26
1667114276.624995, 27
1667114276.640612, 26
1667114276.657156, 27
1667114276.672656, 28
1667114276.687283, 28
1667114276.702349, 28
1667114276.717439, 27
1667114276.732038, 27
1667114276.745957, 27
1667114276.761282, 28
1667114276.777852, 27
1667114276.794298, 27
1667114276.809897, 27
1667114276.824460, 27
1667114276.839097, 29
1667114276.852768, 29
1667114276.867313, 29
1667114276.880930, 29
1667114276.895155, 29
1667114276.911093, 29
1667114276.925722, 29
1667114276.939833, 29
1667114276.955890, 28
1667114276.970448, 29
1667114276.984597, 28
1667114276.999657, 29
1667114277.014755, 29
1667114277.031330, 31
1667114277.046417, 30
1667114277.060968, 30
1667114277.076589, 31
1667114277.093647, 29
1667114277.109694, 31
1667114277.125259, 30
1667114277.139363, 29
1667114277.154434, 30
1667114277.169041, 30
1667114277.183604, 29
1667114277.198199, 30
1667114277.213799, 31
1667114277.228421, 31
1667114277.243686, 31
1667114277.257108, 32
1667114277.270215, 32
1667114277.282355, 32
1667114277.294387, 31
1667114277.306336, 31
1667114277.319723, 31
1667114277.332590, 31
1667114277.347125, 30
1667114277.361749, 31
1667114277.376400, 31
1667114277.390465, 31
1667114277.405564, 31
1667114277.419687, 33
1667114277.433742, 32
1667114277.448370, 33
1667114277.462953, 32
1667114277.476631, 34
1667114277.490704, 32
1667114277.505760, 31
1667114277.518975, 31
1667114277.534027, 32
1667114277.548654, 32
1667114277.562243, 33
1667114277.576408, 33
1667114277.590994, 32
1667114277.605579, 34
1667114277.620611, 33
1667114277.634919, 35
1667114277.649710, 35
1667114277.665433, 34
1667114277.682052, 32
1667114277.696086, 34
1667114277.710694, 34
1667114277.724790, 33
1667114277.739613, 33
1667114277.754018, 33
1667114277.769545, 33
1667114277.783177, 33
1667114277.798299, 35
1667114277.812371, 35
1667114277.827562, 35
1667114277.846483, 35
1667114277.862993, 35
1667114277.879575, 33
1667114277.895623, 34
1667114277.911654, 34
1667114277.927223, 34
1667114277.942646, 34
1667114277.958397, 34
1667114277.973935, 34
1667114277.988550, 36
1667114278.002682, 35
1667114278.017759, 35
1667114278.032335, 37
1667114278.047932, 36
1667114278.062502, 36
1667114278.077114, 35
1667114278.092320, 34
1667114278.108255, 35
1667114278.123861, 35
1667114278.138412, 35
1667114278.153077, 35
1667114278.170112, 36
1667114278.184174, 36
1667114278.198782, 35
1667114278.214899, 37
1667114278.229920, 37
1667114278.244533, 38
1667114278.260639, 38
1667114278.274690, 37
1667114278.289307, 37
1667114278.303899, 36
1667114278.319490, 36
1667114278.335776, 37
1667114278.348263, 37
1667114278.363249, 35
1667114278.378387, 36
1667114278.393474, 37
1667114278.407943, 37
1667114278.423577, 38
1667114278.437792, 38
1667114278.452368, 39
1667114278.466474, 38
1667114278.482016, 38
1667114278.497614, 37
1667114278.513158, 38
1667114278.527294, 38
1667114278.540514, 37
1667114278.552896, 36
1667114278.564990, 37
1667114278.577173, 37
1667114278.589587, 37
1667114278.602752, 37
1667114278.615336, 37
1667114278.630482, 39
1667114278.644547, 39
1667114278.658743, 39
1667114278.674250, 40
1667114278.690283, 39
1667114278.705868, 38
1667114278.721452, 38
1667114278.737536, 39
1667114278.752580, 39
1667114278.768150, 38
1667114278.784224, 39
1667114278.800277, 38
1667114278.815852, 38
1667114278.830492, 39
1667114278.846964, 39
1667114278.862578, 40
1667114278.877206, 40
1667114278.892763, 40
1667114278.909327, 40
1667114278.924845, 38
1667114278.940477, 40
1667114278.956047, 39
1667114278.971559, 40
1667114278.985206, 39
1667114278.997862, 39
1667114279.010554, 40
1667114279.022655, 41
1667114279.034863, 40
1667114279.046791, 41
1667114279.059150, 40
1667114279.073763, 41
1667114279.088363, 41
1667114279.102494, 40
1667114279.117579, 41
1667114279.133159, 41
1667114279.147737, 41
1667114279.161361, 40
1667114279.175980, 41
1667114279.190552, 40
1667114279.205155, 40
1667114279.219664, 41
1667114279.233164, 41
1667114279.247532, 40
1667114279.262225, 42
1667114279.275254, 42
1667114279.287620, 42
1667114279.299693, 43
1667114279.312247, 42
1667114279.324241, 42
1667114279.336154, 42
1667114279.349071, 43
1667114279.361392, 42
1667114279.375475, 41
1667114279.391043, 41
1667114279.404674, 41
1667114279.419309, 42
1667114279.434863, 41
1667114279.450421, 41
1667114279.466014, 41
1667114279.482991, 42
1667114279.495737, 43
1667114279.510817, 43
1667114279.526355, 43
1667114279.541929, 43
1667114279.557505, 43
1667114279.573105, 43
1667114279.588665, 43
1667114279.603313, 42
1667114279.618403, 43
1667114279.633440, 42
1667114279.648952, 42
1667114279.663551, 42
1667114279.678700, 43
1667114279.693879, 43
1667114279.709323, 44
1667114279.724949, 43
1667114279.740467, 43
1667114279.755071, 45
1667114279.769694, 45
1667114279.783322, 44
1667114279.797418, 44
1667114279.811649, 44
1667114279.826107, 44
1667114279.840749, 44
1667114279.855855, 43
1667114279.869900, 43
1667114279.884547, 43
1667114279.898137, 43
1667114279.912262, 44
1667114279.927367, 44
1667114279.941548, 45
1667114279.957039, 45
1667114279.973142, 44
1667114279.988214, 45
1667114280.003807, 46
1667114280.018858, 45
1667114280.035374, 44
1667114280.050485, 44
1667114280.065587, 44
1667114280.080187, 43
1667114280.094287, 44
1667114280.109355, 44
1667114280.123953, 44
1667114280.139515, 44
1667114280.157573, 45
1667114280.170652, 45
1667114280.184316, 45
1667114280.198889, 45
1667114280.213490, 45
1667114280.229104, 45
1667114280.243640, 46
1667114280.258254, 45
1667114280.271629, 45
1667114280.284080, 45
1667114280.296266, 45
1667114280.308541, 44
1667114280.322356, 45
1667114280.339590, 45
1667114280.354763, 45
1667114280.370227, 46
1667114280.390185, 47
1667114280.407059, 46
1667114280.422218, 47
1667114280.435146, 46
1667114280.448080, 48
1667114280.461302, 46
1667114280.476965, 46
1667114280.495781, 46
1667114280.514799, 47
1667114280.533733, 47
1667114280.551874, 46
1667114280.568707, 47
1667114280.586549, 47
1667114280.603808, 47
1667114280.623801, 47
1667114280.639801, 47
1667114280.655340, 48
1667114280.670957, 48
1667114280.686063, 47
1667114280.700158, 47
1667114280.714708, 49
1667114280.729987, 47
1667114280.745892, 48
1667114280.760498, 47
1667114280.774113, 47
1667114280.786629, 47
1667114280.799147, 48
1667114280.812190, 47
1667114280.824272, 48
1667114280.836894, 48
1667114280.849050, 48
1667114280.863676, 48
1667114280.878226, 50
1667114280.892841, 48
1667114280.907455, 49
1667114280.922588, 49
1667114280.935947, 50
1667114280.948819, 49
1667114280.961090, 48
1667114280.973676, 47
1667114280.985847, 49
1667114280.998767, 48
1667114281.011563, 49
1667114281.025714, 49
1667114281.041772, 48
1667114281.057950, 48
1667114281.074865, 50
1667114281.090449, 49
1667114281.105979, 49
1667114281.120164, 50
1667114281.135210, 49
1667114281.150773, 50
1667114281.165918, 48
1667114281.180040, 48
1667114281.193526, 47
1667114281.205740, 48
1667114281.218913, 48
1667114281.231176, 47
1667114281.243197, 48
1667114281.256694, 48
1667114281.269503, 48
1667114281.284117, 48
1667114281.299060, 48
1667114281.315065, 49
1667114281.327441, 49
1667114281.342543, 48
1667114281.358066, 49
1667114281.373692, 48
1667114281.388303, 47
1667114281.404846, 43
1667114281.420368, 34
1667114281.434976, 29
1667114281.450564, 23
1667114281.465186, 20
1667114281.479366, 22
1667114281.494319, 22
1667114281.509954, 22
1667114281.524527, 21
1667114281.540101, 23
1667114281.555490, 23
1667114281.570782, 24
1667114281.585509, 23
1667114281.601451, 22
1667114281.616989, 22
1667114281.631608, 22
1667114281.647135, 22
1667114281.661735, 23
1667114281.676386, 22
1667114281.691899, 24
1667114281.706503, 24
1667114281.722612, 25
1667114281.737644, 25
1667114281.752284, 25
1667114281.767419, 24
1667114281.781988, 24
1667114281.796580, 23
1667114281.812678, 24
1667114281.827249, 25
1667114281.841358, 25
1667114281.855938, 25
1667114281.871088, 24
1667114281.886557, 26
1667114281.901232, 26
1667114281.916773, 27
1667114281.930909, 26
1667114281.945505, 24
1667114281.961522, 24
1667114281.976117, 25
1667114281.991708, 25
1667114282.006304, 26
1667114282.020442, 26
1667114282.034517, 24
1667114282.049107, 25
1667114282.063704, 27
1667114282.078318, 28
1667114282.093879, 27
1667114282.109528, 26
1667114282.125656, 25
1667114282.139555, 26
1667114282.152764, 25
1667114282.165192, 27
1667114282.177544, 26
1667114282.189811, 26
1667114282.202444, 25
1667114282.217091, 26
1667114282.231672, 26
1667114282.248284, 28
1667114282.260838, 28
1667114282.275441, 27
1667114282.288880, 29
1667114282.301525, 28
1667114282.313662, 27
1667114282.325768, 27
1667114282.338873, 28
1667114282.351586, 28
1667114282.364038, 27
1667114282.378610, 28
1667114282.393777, 29
1667114282.408945, 28
1667114282.425378, 28
1667114282.439980, 28
1667114282.455070, 30
1667114282.469925, 29
1667114282.485721, 30
1667114282.500289, 29
1667114282.514888, 28
1667114282.529493, 27
1667114282.544102, 28
1667114282.558694, 29
1667114282.573972, 29
1667114282.589664, 29
1667114282.605427, 28
1667114282.623901, 30
1667114282.638492, 29
1667114282.653608, 30
1667114282.668709, 31
1667114282.683787, 29
1667114282.698835, 29
1667114282.713953, 31
1667114282.730504, 31
1667114282.745561, 30
1667114282.760164, 29
1667114282.774736, 30
1667114282.789864, 30
1667114282.805434, 32
1667114282.820510, 31
1667114282.836077, 31
1667114282.852640, 31
1667114282.867229, 31
1667114282.881817, 30
1667114282.897467, 31
1667114282.912985, 30
1667114282.928566, 29
1667114282.942921, 30
1667114282.959687, 30
1667114282.975353, 31
1667114282.990832, 33
1667114283.006441, 33
1667114283.021556, 32
1667114283.036107, 33
1667114283.052176, 33
1667114283.066782, 32
1667114283.080913, 32
1667114283.095922, 33
1667114283.109357, 32
1667114283.121567, 31
1667114283.133924, 31
1667114283.146304, 31
1667114283.159213, 33
1667114283.171898, 32
1667114283.188564, 33
1667114283.205967, 33
1667114283.222479, 34
1667114283.236617, 33
1667114283.249744, 33
1667114283.262274, 34
1667114283.274780, 33
1667114283.287487, 33
1667114283.300398, 33
1667114283.316930, 33
1667114283.334154, 33
1667114283.347090, 33
1667114283.362618, 34
1667114283.377756, 35
1667114283.393324, 34
1667114283.409368, 34
1667114283.423936, 34
1667114283.439511, 35
1667114283.454663, 35
1667114283.470688, 35
1667114283.487260, 35
1667114283.501795, 34
1667114283.516226, 34
1667114283.531531, 34
1667114283.546130, 35
1667114283.561157, 35
1667114283.574352, 34
1667114283.587840, 35
1667114283.599997, 35
1667114283.612197, 36
1667114283.624494, 34
1667114283.637125, 36
1667114283.651717, 37
1667114283.665358, 36
1667114283.679928, 34
1667114283.694516, 36
1667114283.709129, 36
1667114283.722761, 35
1667114283.738362, 36
1667114283.751945, 35
1667114283.766534, 35
1667114283.780167, 35
1667114283.796733, 36
1667114283.811110, 37
1667114283.823993, 37
1667114283.836707, 37
1667114283.848855, 38
1667114283.860866, 38
1667114283.872884, 36
1667114283.884889, 36
1667114283.896960, 36
1667114283.910563, 36
1667114283.924228, 37
1667114283.938888, 36
1667114283.953479, 37
1667114283.968540, 37
1667114283.982612, 36
1667114283.998229, 36
1667114284.012460, 37
1667114284.026405, 38
1667114284.040564, 38
1667114284.055275, 38
1667114284.072760, 39
1667114284.085335, 38
1667114284.099400, 37
1667114284.112304, 38
1667114284.125072, 37
1667114284.139358, 37
1667114284.151717, 37
1667114284.163891, 37
1667114284.176562, 37
1667114284.189479, 38
1667114284.206322, 38
1667114284.219120, 38
1667114284.233747, 39
1667114284.249276, 39
1667114284.264882, 39
1667114284.281459, 40
1667114284.298062, 38
1667114284.313112, 39
1667114284.327802, 37
1667114284.343934, 38
1667114284.360020, 39
1667114284.390492, 39
1667114284.407008, 39
1667114284.434417, 39
1667114284.449852, 39
1667114284.467606, 39
1667114284.482880, 39
1667114284.498929, 40
1667114284.515968, 39
1667114284.535433, 39
1667114284.552977, 39
1667114284.571234, 38
1667114284.587999, 38
1667114284.605396, 39
1667114284.622721, 39
1667114284.637696, 41
1667114284.655174, 40
1667114284.671832, 40
1667114284.686051, 41
1667114284.701246, 40
1667114284.718650, 41
1667114284.737905, 39
1667114284.751665, 39
1667114284.767097, 40
1667114284.784611, 40
1667114284.799193, 40
1667114284.815548, 39
1667114284.832966, 40
1667114284.848557, 40
1667114284.868360, 40
1667114284.882901, 40
1667114284.899450, 41
1667114284.913094, 43
1667114284.925761, 41
1667114284.938379, 42
1667114284.951032, 42
1667114284.966628, 41
1667114284.981934, 41
1667114284.997470, 40
1667114285.015302, 40
1667114285.027956, 41
1667114285.042763, 41
1667114285.063977, 41
1667114285.078568, 41
1667114285.096105, 42
1667114285.110685, 41
1667114285.124306, 41
1667114285.140999, 43
1667114285.154120, 43
1667114285.169105, 43
1667114285.187580, 42
1667114285.204130, 42
1667114285.217772, 42
1667114285.232346, 42
1667114285.246982, 42
1667114285.262043, 42
1667114285.277117, 42
1667114285.294438, 42
1667114285.312139, 43
1667114285.325921, 43
1667114285.341369, 42
1667114285.360226, 43
1667114285.376983, 43
1667114285.393886, 44
1667114285.408519, 42
1667114285.426052, 43
1667114285.441585, 42
1667114285.457839, 43
1667114285.474234, 43
1667114285.490252, 43
1667114285.504483, 43
1667114285.520763, 44
1667114285.539893, 44
1667114285.553509, 43
1667114285.568137, 43
1667114285.583397, 44
1667114285.598619, 44
1667114285.610935, 46
1667114285.625515, 45
1667114285.640178, 44
1667114285.654742, 44
1667114285.670302, 45
1667114285.683921, 43
1667114285.698510, 44
1667114285.712176, 45
1667114285.726183, 44
1667114285.743292, 45
1667114285.755999, 44
1667114285.772610, 45
1667114285.785097, 46
1667114285.797828, 46
1667114285.810538, 45
1667114285.825071, 45
1667114285.844350, 46
1667114285.860093, 47
1667114285.875668, 45
1667114285.891289, 45
1667114285.906406, 45
1667114285.922422, 45
1667114285.936531, 45
1667114285.951116, 45
1667114285.965256, 44
1667114285.980805, 45
1667114285.997335, 46
1667114286.009969, 47
1667114286.024099, 46
1667114286.039170, 47
1667114286.054298, 47
1667114286.069387, 46
1667114286.084489, 46
1667114286.099071, 46
1667114286.113209, 47
1667114286.127564, 46
1667114286.142175, 47
1667114286.156948, 47
1667114286.171438, 46
1667114286.186160, 46
1667114286.199057, 47
1667114286.211216, 46
1667114286.223115, 47
1667114286.234855, 48
1667114286.246555, 47
1667114286.258261, 47
1667114286.270818, 47
1667114286.284469, 47
1667114286.298058, 48
1667114286.311693, 47
1667114286.325342, 47
1667114286.339907, 47
1667114286.353560, 47
1667114286.366646, 47
1667114286.379189, 47
1667114286.391420, 47
1667114286.404149, 47
1667114286.417632, 48
1667114286.430549, 47
1667114286.445609, 48
1667114286.463315, 48
1667114286.476219, 48
1667114286.490868, 48
1667114286.506414, 49
1667114286.523867, 49
1667114286.543613, 49
1667114286.561025, 47
1667114286.577980, 47
1667114286.594950, 46
1667114286.610492, 47
1667114286.624168, 47
1667114286.637306, 47
1667114286.649664, 47
1667114286.661894, 47
1667114286.674357, 47
1667114286.689167, 49
1667114286.702006, 48
1667114286.717617, 47
1667114286.734131, 47
1667114286.748724, 47
1667114286.763296, 47
1667114286.776602, 47
1667114286.791107, 46
1667114286.803595, 41
1667114286.818064, 35
1667114286.831493, 30
1667114286.846621, 25
1667114286.861179, 21
1667114286.876210, 20
1667114286.890798, 22
1667114286.905455, 22
1667114286.922018, 23
1667114286.936771, 22
1667114286.954076, 23
1667114286.973666, 22
1667114286.987211, 21
1667114287.001326, 22
1667114287.017409, 22
1667114287.032933, 22
1667114287.048686, 21
1667114287.067950, 21
1667114287.081602, 22
1667114287.096679, 23
1667114287.109301, 24
1667114287.121652, 23
1667114287.133955, 23
1667114287.146352, 23
1667114287.160035, 23
1667114287.175004, 24
1667114287.190143, 24
1667114287.207185, 23
1667114287.221727, 23
1667114287.235926, 23
1667114287.251960, 23
1667114287.268038, 25
1667114287.281786, 25
1667114287.297721, 25
1667114287.313799, 25
1667114287.329811, 23
1667114287.348268, 24
1667114287.364838, 24
1667114287.380401, 24
1667114287.395635, 24
1667114287.414552, 24
1667114287.428148, 25
1667114287.443701, 26
1667114287.460083, 26
1667114287.477379, 26
1667114287.495877, 26
1667114287.512648, 25
1667114287.529351, 26
1667114287.544910, 26
1667114287.561142, 26
1667114287.579944, 27
1667114287.595843, 26
1667114287.612339, 27
1667114287.630528, 28
1667114287.647011, 27
1667114287.664158, 28
1667114287.681679, 28
1667114287.698272, 28
1667114287.715185, 27
1667114287.733862, 26
1667114287.749477, 28
1667114287.766833, 27
1667114287.782928, 27
1667114287.802504, 28
1667114287.822253, 27
1667114287.839448, 29
1667114287.857404, 29
1667114287.874871, 29
1667114287.893423, 28
1667114287.911463, 29
1667114287.928403, 28
1667114287.944434, 29
1667114287.961528, 28
1667114287.977612, 28
1667114287.993660, 29
1667114288.010692, 30
1667114288.026717, 29
1667114288.042326, 30
1667114288.056430, 30
1667114288.070326, 30
1667114288.083361, 28
1667114288.095991, 29
1667114288.108513, 30
1667114288.123109, 29
1667114288.138645, 29
1667114288.152808, 29
1667114288.167830, 29
1667114288.183418, 30
1667114288.198984, 31
1667114288.213585, 30
1667114288.228755, 32
1667114288.244789, 30
1667114288.260878, 32
1667114288.279023, 31
1667114288.295343, 30
1667114288.309534, 31
1667114288.323648, 30
1667114288.336990, 30
1667114288.351082, 31
1667114288.365463, 31
1667114288.382001, 32
1667114288.402650, 32
1667114288.420457, 32
1667114288.437471, 32
1667114288.452086, 33
1667114288.466208, 31
1667114288.479361, 31
1667114288.493913, 31
1667114288.510003, 31
1667114288.526048, 31
1667114288.543672, 33
1667114288.564001, 32
1667114288.581627, 32
1667114288.601940, 33
1667114288.621408, 34
1667114288.640415, 33
1667114288.660432, 34
1667114288.676895, 33
1667114288.695378, 31
1667114288.710961, 32
1667114288.729443, 34
1667114288.744672, 33
1667114288.761553, 32
1667114288.779088, 33
1667114288.797620, 33
1667114288.816093, 35
1667114288.832725, 34
1667114288.849287, 34
1667114288.866329, 33
1667114288.887078, 33
1667114288.904620, 33
1667114288.921298, 34
1667114288.936455, 34
1667114288.955156, 34
1667114288.975252, 35
1667114288.996161, 35
1667114289.015511, 35
1667114289.035123, 36
1667114289.054590, 35
1667114289.073524, 34
1667114289.092358, 35
1667114289.111991, 35
1667114289.129103, 35
1667114289.146022, 35
1667114289.162544, 36
1667114289.180076, 34
1667114289.197573, 36
1667114289.216054, 37
1667114289.233691, 36
1667114289.251145, 36
1667114289.267660, 36
1667114289.286734, 35
1667114289.304742, 36
1667114289.321720, 36
1667114289.340276, 36
1667114289.358204, 36
1667114289.377715, 37
1667114289.396306, 37
1667114289.417573, 37
1667114289.433146, 37
1667114289.447356, 36
1667114289.460994, 37
1667114289.473695, 37
1667114289.486650, 36
1667114289.503741, 37
1667114289.522664, 37
1667114289.542212, 38
1667114289.559652, 37
1667114289.577795, 38
1667114289.594718, 37
1667114289.614191, 39
1667114289.633642, 38
1667114289.654198, 38
1667114289.674480, 37
1667114289.694172, 36
1667114289.715431, 37
1667114289.732452, 39
1667114289.749551, 39
1667114289.770029, 38
1667114289.789389, 38
1667114289.807958, 38
1667114289.827401, 39
1667114289.846854, 40
1667114289.865870, 40
1667114289.884822, 38
1667114289.904194, 39
1667114289.924299, 38
1667114289.945056, 39
1667114289.965550, 40
1667114289.984618, 39
1667114290.004535, 40
1667114290.026971, 39
1667114290.047825, 39
1667114290.065848, 40
1667114290.084415, 40
1667114290.100347, 39
1667114290.116475, 40
1667114290.131535, 40
1667114290.147521, 39
1667114290.163064, 40
1667114290.178665, 40
1667114290.194216, 41
1667114290.210792, 39
1667114290.227363, 41
1667114290.242911, 41
1667114290.260464, 40
1667114290.278903, 42
1667114290.295430, 41
1667114290.310713, 41
1667114290.327338, 42
1667114290.344372, 42
1667114290.360034, 40
1667114290.377859, 41
1667114290.395408, 42
1667114290.413471, 41
1667114290.432053, 41
1667114290.451210, 42
1667114290.468477, 41
1667114290.492730, 43
1667114290.510352, 43
1667114290.527897, 44
1667114290.547958, 42
1667114290.568329, 42
1667114290.590078, 40
1667114290.612092, 42
1667114290.631808, 41
1667114290.653844, 43
1667114290.672414, 43
1667114290.693258, 43
1667114290.710691, 43
1667114290.729248, 44
1667114290.746334, 43
1667114290.765935, 44
1667114290.785681, 44
1667114290.809125, 43
1667114290.831442, 43
1667114290.857075, 43
1667114290.880169, 44
1667114290.901708, 42
1667114290.923525, 43
1667114290.950207, 44
1667114290.969721, 44
1667114290.993427, 44
1667114291.013974, 44
1667114291.029217, 44
1667114291.043649, 43
1667114291.067038, 44
1667114291.090223, 44
1667114291.105992, 45
1667114291.120196, 45
1667114291.134670, 44
1667114291.148743, 44
1667114291.164422, 46
1667114291.189678, 44
1667114291.211564, 45
1667114291.231027, 46
1667114291.248983, 46
1667114291.268491, 45
1667114291.287708, 45
1667114291.306888, 45
1667114291.327990, 46
1667114291.348853, 46
1667114291.370622, 46
1667114291.391630, 45
1667114291.414051, 45
1667114291.428081, 47
1667114291.450107, 46
1667114291.469476, 47
1667114291.487465, 46
1667114291.505918, 46
1667114291.521227, 45
1667114291.541151, 46
1667114291.561221, 46
1667114291.582792, 46
1667114291.602846, 47
1667114291.619250, 46
1667114291.632198, 47
1667114291.646104, 47
1667114291.660674, 47
1667114291.674350, 46
1667114291.690863, 48
1667114291.709371, 48
1667114291.725932, 47
1667114291.745256, 47
1667114291.764811, 46
1667114291.781354, 45
1667114291.798932, 46
1667114291.819337, 46
1667114291.838801, 48
1667114291.856599, 46
1667114291.881713, 48
1667114291.902097, 49
1667114291.919112, 48
1667114291.939083, 48
1667114291.958543, 48
1667114291.975070, 48
1667114291.992598, 47
1667114292.008454, 48
1667114292.027183, 48
1667114292.047195, 47
1667114292.066595, 48
1667114292.087030, 48
1667114292.107512, 49
1667114292.128938, 49
1667114292.148669, 50
1667114292.168863, 49
1667114292.188746, 49
1667114292.208733, 49
1667114292.226089, 48
1667114292.248627, 47
1667114292.268007, 48
1667114292.289441, 48
1667114292.309155, 49
1667114292.326760, 48
1667114292.347098, 49
1667114292.368797, 49
1667114292.386779, 49
1667114292.407244, 48
1667114292.423370, 48
1667114292.441334, 48
1667114292.456851, 49
1667114292.474332, 46
1667114292.491588, 39
1667114292.510482, 31
1667114292.526955, 24
1667114292.544097, 21
1667114292.561223, 22
1667114292.579476, 22
1667114292.596678, 22
1667114292.609589, 23
1667114292.623247, 23
1667114292.636098, 24
1667114292.650177, 23
1667114292.664141, 22
1667114292.678797, 21
1667114292.695269, 22
1667114292.710414, 23
1667114292.725553, 23
1667114292.741563, 22
1667114292.758631, 25
1667114292.778968, 24
1667114292.794539, 25
1667114292.811100, 23
1667114292.825865, 23
1667114292.842287, 24
1667114292.858813, 23
1667114292.875391, 23
1667114292.891456, 25
1667114292.907434, 24
1667114292.923817, 25
1667114292.941546, 25
1667114292.955572, 25
1667114292.971696, 25
1667114292.988250, 25
1667114293.003840, 24
1667114293.019957, 24
1667114293.035957, 24
1667114293.054397, 25
1667114293.070011, 25
1667114293.086540, 26
1667114293.102246, 26
1667114293.119160, 25
1667114293.135785, 27
1667114293.154702, 27
1667114293.176712, 25
1667114293.198547, 27
1667114293.221031, 26
1667114293.242377, 26
1667114293.263784, 25
1667114293.286185, 26
1667114293.312562, 28
1667114293.333806, 28
1667114293.354213, 28
1667114293.377691, 27
1667114293.400605, 27
1667114293.423143, 27
1667114293.444769, 28
1667114293.466194, 28
1667114293.485646, 28
1667114293.507203, 27
1667114293.523537, 29
1667114293.541156, 29
1667114293.558633, 30
1667114293.577103, 28
1667114293.596140, 29
1667114293.612109, 28
1667114293.628707, 29
1667114293.644856, 30
1667114293.660805, 28
1667114293.676914, 28
1667114293.693889, 29
1667114293.709978, 30
1667114293.723876, 30
1667114293.736958, 30
1667114293.749615, 31
1667114293.762169, 30
1667114293.774650, 29
1667114293.789252, 29
1667114293.804845, 30
1667114293.820444, 30
1667114293.835985, 29
1667114293.851592, 30
1667114293.868240, 31
1667114293.886235, 31
1667114293.899245, 31
1667114293.915872, 31
1667114293.934697, 31
1667114293.954787, 31
1667114293.975741, 32
1667114293.994409, 31
1667114294.012769, 30
1667114294.028297, 32
1667114294.045245, 31
1667114294.063814, 31
1667114294.082279, 31
1667114294.097912, 32
1667114294.116855, 33
1667114294.133807, 32
1667114294.148426, 32
1667114294.164551, 31
1667114294.180533, 31
1667114294.196654, 31
1667114294.212671, 32
1667114294.230340, 32
1667114294.248257, 33
1667114294.265207, 32
1667114294.285219, 33
1667114294.301748, 33
1667114294.317801, 33
1667114294.333892, 35
1667114294.352819, 33
1667114294.370070, 33
1667114294.386894, 32
1667114294.403960, 33
1667114294.420958, 32
1667114294.436505, 34
1667114294.452069, 34
1667114294.467703, 32
1667114294.485146, 33
1667114294.499776, 34
1667114294.515338, 34
1667114294.529942, 34
1667114294.545528, 34
1667114294.560729, 35
1667114294.576223, 35
1667114294.592205, 33
1667114294.607334, 35
1667114294.622415, 35
1667114294.637996, 34
1667114294.653545, 35
1667114294.668139, 35
1667114294.682734, 36
1667114294.696893, 35
1667114294.711952, 35
1667114294.725574, 36
1667114294.739704, 37
1667114294.754317, 36
1667114294.770347, 34
1667114294.784991, 35
1667114294.799083, 35
1667114294.814154, 36
1667114294.828718, 36
1667114294.842934, 36
1667114294.858955, 34
1667114294.874469, 36
1667114294.890107, 37
1667114294.902764, 36
1667114294.915135, 36
1667114294.927508, 37
1667114294.941328, 37
1667114294.954497, 37
1667114294.970463, 36
1667114294.986468, 36
1667114295.002970, 36
1667114295.018534, 36
1667114295.033840, 37
1667114295.049667, 36
1667114295.064802, 36
1667114295.081802, 36
1667114295.099336, 37
1667114295.114900, 37
1667114295.129986, 38
1667114295.145071, 38
1667114295.160681, 37
1667114295.176245, 37
1667114295.191805, 36
1667114295.207371, 37
1667114295.222462, 38
1667114295.239974, 37
1667114295.256999, 38
1667114295.272083, 38
1667114295.288196, 38
1667114295.302651, 38
1667114295.318358, 38
1667114295.334785, 39
1667114295.348502, 39
1667114295.362622, 40
1667114295.377680, 39
1667114295.391814, 39
1667114295.406467, 38
1667114295.422430, 38
1667114295.437639, 39
1667114295.453656, 38
1667114295.470138, 36
1667114295.485717, 38
1667114295.499863, 39
1667114295.515792, 39
1667114295.528402, 40
1667114295.543140, 40
1667114295.558280, 40
1667114295.573537, 40
1667114295.589851, 39
1667114295.605463, 39
1667114295.621001, 40
1667114295.636644, 39
1667114295.652997, 39
1667114295.665785, 40
1667114295.683298, 40
1667114295.698873, 39
1667114295.715456, 40
1667114295.733491, 40
1667114295.746121, 41
1667114295.761146, 40
1667114295.776746, 41
1667114295.791314, 41
1667114295.805934, 40
1667114295.821482, 41
1667114295.837102, 39
1667114295.852665, 40
1667114295.866780, 40
1667114295.881849, 40
1667114295.896436, 40
1667114295.912004, 40
1667114295.926635, 41
1667114295.941261, 41
1667114295.955807, 43
1667114295.969957, 42
1667114295.982434, 41
1667114295.994447, 42
1667114296.006574, 42
1667114296.019168, 41
1667114296.031150, 42
1667114296.043042, 41
1667114296.057059, 41
1667114296.073448, 42
1667114296.086230, 42
1667114296.100393, 42
1667114296.114486, 40
1667114296.129033, 41
1667114296.144616, 42
1667114296.159230, 43
1667114296.173831, 43
1667114296.188464, 42
1667114296.204016, 42
1667114296.218594, 43
1667114296.233192, 41
1667114296.247852, 42
1667114296.262930, 42
1667114296.278017, 42
1667114296.292658, 42
1667114296.308135, 42
1667114296.321752, 42
1667114296.335913, 42
1667114296.350979, 42
1667114296.367074, 43
1667114296.379680, 43
1667114296.393340, 44
1667114296.407403, 43
1667114296.421132, 43
1667114296.435657, 42
1667114296.449839, 43
1667114296.464871, 43
1667114296.478985, 43
1667114296.493144, 42
1667114296.509677, 44
1667114296.524209, 44
1667114296.542719, 44
1667114296.557315, 43
1667114296.571454, 43
1667114296.584760, 44
1667114296.598221, 44
1667114296.610885, 44
1667114296.622786, 44
1667114296.635229, 45
1667114296.647851, 44
1667114296.659659, 45
1667114296.672701, 44
1667114296.685379, 44
1667114296.700446, 45
1667114296.715253, 44
1667114296.731534, 44
1667114296.747114, 44
1667114296.761701, 44
1667114296.776338, 43
1667114296.791393, 45
1667114296.806490, 45
1667114296.821582, 46
1667114296.835693, 45
1667114296.850768, 45
1667114296.864939, 45
1667114296.880493, 46
1667114296.896078, 45
1667114296.910626, 44
1667114296.924393, 44
1667114296.939815, 44
1667114296.955371, 46
1667114296.972956, 45
1667114296.988079, 45
1667114297.002079, 46
1667114297.016324, 45
1667114297.031310, 45
1667114297.046409, 46
1667114297.061467, 47
1667114297.075114, 47
1667114297.090240, 47
1667114297.103973, 47
1667114297.117102, 47
1667114297.129399, 46
1667114297.142059, 45
1667114297.154127, 46
1667114297.166656, 45
1667114297.178684, 47
1667114297.190970, 46
1667114297.205506, 46
1667114297.220125, 46
1667114297.234737, 46
1667114297.250010, 47
1667114297.265949, 47
1667114297.280480, 47
1667114297.297152, 46
1667114297.311626, 47
1667114297.328316, 48
1667114297.342754, 48
1667114297.357395, 49
1667114297.372529, 47
1667114297.388524, 46
1667114297.403080, 46
1667114297.417738, 47
1667114297.433298, 46
1667114297.448853, 48
1667114297.464443, 47
1667114297.481085, 47
1667114297.497575, 49
1667114297.511668, 48
1667114297.527778, 48
1667114297.544241, 48
1667114297.559361, 49
1667114297.578334, 49
1667114297.597336, 48
1667114297.614328, 47
1667114297.631908, 49
1667114297.649359, 47
1667114297.665973, 47
1667114297.685379, 49
1667114297.703874, 48
1667114297.721390, 49
1667114297.738897, 50
1667114297.752535, 49
1667114297.768119, 49
1667114297.783195, 50
1667114297.801746, 49
1667114297.817285, 49
1667114297.833340, 49
1667114297.848871, 48
1667114297.863920, 48
1667114297.881038, 47
1667114297.897640, 48
1667114297.913142, 47
1667114297.929186, 47
1667114297.944775, 48
1667114297.964722, 49
1667114297.985132, 49
1667114298.001249, 49
1667114298.018244, 48
1667114298.033809, 48
1667114298.049361, 47
1667114298.063946, 48
1667114298.079552, 47
1667114298.094636, 44
1667114298.112443, 37
1667114298.125303, 32
1667114298.139900, 26
1667114298.154498, 20
1667114298.170061, 20
1667114298.184702, 22
1667114298.199267, 22
1667114298.214830, 23
1667114298.229427, 23
1667114298.243066, 23
1667114298.257683, 23
1667114298.271803, 21
1667114298.286399, 22
1667114298.302511, 23
1667114298.316780, 23
1667114298.329663, 23
1667114298.344268, 23
1667114298.357908, 22
1667114298.373088, 23
1667114298.391621, 24
1667114298.407576, 24
1667114298.425080, 24
1667114298.441609, 23
1667114298.456497, 24
1667114298.473767, 24
1667114298.489249, 23
1667114298.507351, 24
1667114298.525077, 24
1667114298.537614, 25
1667114298.550140, 24
1667114298.564422, 25
1667114298.577459, 26
1667114298.592957, 25
1667114298.609066, 25
1667114298.623723, 24
1667114298.639766, 24
1667114298.660722, 24
1667114298.678102, 25
1667114298.695714, 25
1667114298.713156, 26
1667114298.727047, 25
1667114298.740752, 25
1667114298.753136, 27
1667114298.765625, 27
1667114298.780379, 27
1667114298.793822, 26
1667114298.809175, 25
1667114298.825165, 27
1667114298.840218, 26
1667114298.856248, 26
1667114298.871778, 27
1667114298.886945, 27
1667114298.902519, 25
1667114298.918537, 27
1667114298.934119, 28
1667114298.948512, 28
1667114298.967210, 27
1667114298.982736, 27
1667114298.999334, 27
1667114299.014923, 28
1667114299.031453, 28
1667114299.047002, 27
1667114299.062595, 26
1667114299.078156, 28
1667114299.094689, 28
1667114299.111249, 29
1667114299.127814, 28
1667114299.142914, 29
1667114299.158995, 29
1667114299.176498, 27
1667114299.192010, 28
1667114299.207824, 29
1667114299.226094, 30
1667114299.239863, 30
1667114299.252465, 30
1667114299.264641, 29
1667114299.277248, 29
1667114299.290344, 28
1667114299.305033, 28
1667114299.320075, 30
1667114299.335131, 30
1667114299.349688, 30
1667114299.364323, 29
1667114299.379836, 29
1667114299.394954, 30
1667114299.410549, 30
1667114299.425589, 31
1667114299.441215, 30
1667114299.455801, 29
1667114299.471347, 30
1667114299.486518, 31
1667114299.503611, 31
1667114299.521989, 32
1667114299.536587, 31
1667114299.554614, 30
1667114299.571687, 31
1667114299.592166, 31
1667114299.610234, 30
1667114299.629013, 31
1667114299.649461, 31
1667114299.668594, 31
1667114299.691340, 33
1667114299.708886, 31
1667114299.726400, 32
1667114299.743881, 33
1667114299.762454, 32
1667114299.783811, 31
1667114299.804312, 32
1667114299.824527, 32
1667114299.843735, 33
1667114299.864117, 32
1667114299.882119, 32
1667114299.899645, 33
1667114299.919066, 34
1667114299.938099, 33
1667114299.958217, 33
1667114299.979449, 33
1667114300.030472, 33
1667114300.056194, 33
1667114300.073311, 33
1667114300.090447, 33
1667114300.105059, 35
1667114300.124021, 35
1667114300.141022, 34
1667114300.159532, 33
1667114300.180558, 33
1667114300.199077, 34
1667114300.218182, 35
1667114300.237422, 34
1667114300.261788, 33
1667114300.282317, 35
1667114300.305528, 35
1667114300.323032, 35
1667114300.343003, 35
1667114300.360959, 35
1667114300.378502, 35
1667114300.396052, 35
1667114300.418395, 35
1667114300.435484, 36
1667114300.453447, 34
1667114300.469967, 34
1667114300.485527, 35
1667114300.501387, 38
1667114300.517220, 37
1667114300.533254, 36
1667114300.549758, 37
1667114300.565391, 36
1667114300.581926, 36
1667114300.599414, 36
1667114300.614995, 36
1667114300.631508, 35
1667114300.647104, 36
1667114300.661715, 36
1667114300.676854, 36
1667114300.692491, 36
1667114300.706119, 37
1667114300.718982, 38
1667114300.731292, 38
1667114300.743478, 36
1667114300.755667, 37
1667114300.768377, 38
1667114300.782451, 38
1667114300.797005, 37
1667114300.812542, 37
1667114300.826896, 37
1667114300.841771, 38
1667114300.856237, 36
1667114300.871969, 37
1667114300.888533, 37
1667114300.905357, 37
1667114300.921564, 38
1667114300.936198, 38
1667114300.950749, 37
1667114300.965406, 37
1667114300.980965, 38
1667114300.995518, 39
1667114301.010125, 37
1667114301.024262, 39
1667114301.040340, 38
1667114301.056478, 39
1667114301.072450, 38
1667114301.088888, 39
1667114301.106585, 39
1667114301.123018, 38
1667114301.143026, 39
1667114301.161086, 40
1667114301.177569, 38
1667114301.195229, 39
1667114301.216506, 39
1667114301.234015, 39
1667114301.252239, 39
1667114301.272030, 39
1667114301.293451, 40
1667114301.312427, 39
1667114301.330355, 39
1667114301.347878, 41
1667114301.363462, 40
1667114301.378243, 40
1667114301.394631, 41
1667114301.412710, 40
1667114301.429656, 42
1667114301.446166, 40
1667114301.462704, 38
1667114301.477872, 41
1667114301.493512, 40
1667114301.510946, 40
1667114301.526010, 40
1667114301.541899, 41
1667114301.557767, 40
1667114301.573290, 41
1667114301.589243, 41
1667114301.603866, 42
1667114301.619964, 40
1667114301.633291, 41
1667114301.645936, 41
1667114301.658281, 42
1667114301.671003, 40
1667114301.682987, 41
1667114301.695799, 42
1667114301.708557, 42
1667114301.723551, 41
1667114301.740149, 42
1667114301.753728, 41
1667114301.768363, 42
1667114301.782937, 42
1667114301.798208, 43
1667114301.814084, 41
1667114301.829641, 42
1667114301.844251, 43
1667114301.859837, 43
1667114301.874428, 42
1667114301.889075, 42
1667114301.903159, 43
1667114301.917249, 42
1667114301.931877, 42
1667114301.946502, 42
1667114301.962015, 43
1667114301.977617, 42
1667114301.993672, 43
1667114302.008720, 44
1667114302.022887, 44
1667114302.037468, 44
1667114302.053502, 44
1667114302.068101, 43
1667114302.082695, 44
1667114302.097310, 42
1667114302.112932, 43
1667114302.127475, 43
1667114302.142079, 43
1667114302.156224, 43
1667114302.171775, 44
1667114302.185860, 43
1667114302.201459, 43
1667114302.217000, 44
1667114302.232942, 45
1667114302.252035, 44
1667114302.270642, 45
1667114302.289068, 44
1667114302.306875, 45
1667114302.320219, 44
1667114302.339742, 44
1667114302.357221, 45
1667114302.373742, 43
1667114302.390264, 45
1667114302.409309, 44
1667114302.425972, 45
1667114302.448779, 45
1667114302.476904, 46
1667114302.499780, 45
1667114302.521213, 45
1667114302.540959, 46
1667114302.561156, 45
1667114302.579159, 45
1667114302.593564, 45
1667114302.606871, 44
1667114302.620848, 45
1667114302.634553, 45
1667114302.648293, 45
1667114302.662442, 46
1667114302.679432, 46
1667114302.694060, 46
1667114302.709629, 46
1667114302.723764, 47
1667114302.738866, 46
1667114302.754388, 47
1667114302.769987, 46
1667114302.784587, 45
1667114302.798115, 45
1667114302.810876, 46
1667114302.823134, 47
1667114302.835303, 46
1667114302.847479, 46
1667114302.859533, 47
1667114302.873144, 47
1667114302.888766, 46
1667114302.903359, 47
1667114302.917940, 47
1667114302.933546, 47
1667114302.948615, 47
1667114302.963725, 47
1667114302.979286, 48
1667114302.995837, 47
1667114303.020398, 48
1667114303.040203, 47
1667114303.059157, 48
1667114303.081116, 47
1667114303.101667, 47
1667114303.122446, 47
1667114303.141356, 48
1667114303.160424, 49
1667114303.175536, 48
1667114303.191548, 48
1667114303.208021, 48
1667114303.223572, 49
1667114303.239216, 50
1667114303.256215, 48
1667114303.273204, 48
1667114303.288756, 47
1667114303.305344, 48
1667114303.320904, 48
1667114303.337441, 48
1667114303.352623, 49
1667114303.368168, 49
1667114303.382730, 49
1667114303.398355, 50
1667114303.414488, 49
1667114303.430049, 50
1667114303.445622, 48
1667114303.461656, 49
1667114303.476752, 50
1667114303.492964, 48
1667114303.507871, 48
1667114303.523428, 49
1667114303.539025, 49
1667114303.554590, 48
1667114303.569173, 49
1667114303.583833, 49
1667114303.599367, 49
1667114303.613975, 49
1667114303.629529, 49
1667114303.643209, 49
1667114303.655789, 50
1667114303.668021, 50
1667114303.680198, 49
1667114303.692155, 49
1667114303.704493, 49
1667114303.719117, 48
1667114303.733684, 48
1667114303.748279, 48
1667114303.762881, 48
1667114303.778469, 48
1667114303.793064, 47
1667114303.808661, 47
1667114303.822772, 47
1667114303.837843, 48
1667114303.853431, 47
1667114303.867038, 46
1667114303.881640, 40
1667114303.898186, 34
1667114303.914723, 26
1667114303.930270, 20
1667114303.945401, 21
1667114303.961519, 21
1667114303.978526, 22
1667114303.993625, 22
1667114304.007824, 22
1667114304.020558, 22
1667114304.032849, 23
1667114304.045043, 24
1667114304.057865, 23
1667114304.071943, 23
1667114304.086990, 22
1667114304.102571, 22
1667114304.117176, 24
1667114304.131688, 23
1667114304.147315, 22
1667114304.162949, 24
1667114304.181440, 23
1667114304.197982, 24
1667114304.214473, 24
1667114304.230042, 26
1667114304.245638, 25
1667114304.260231, 24
1667114304.274871, 23
1667114304.289974, 24
1667114304.305526, 24
1667114304.322546, 25
1667114304.338622, 24
1667114304.353227, 25
1667114304.367329, 24
1667114304.381878, 24
1667114304.398507, 25
1667114304.414006, 26
1667114304.429246, 26
1667114304.445175, 26
1667114304.459441, 25
1667114304.474360, 26
1667114304.489516, 26
1667114304.504559, 25
1667114304.519655, 25
1667114304.534713, 25
1667114304.549339, 26
1667114304.564896, 27
1667114304.579495, 26
1667114304.595045, 26
1667114304.610180, 27
1667114304.624817, 27
1667114304.638031, 27
1667114304.651266, 26
1667114304.663538, 26
1667114304.675550, 26
1667114304.687818, 26
1667114304.699743, 27
1667114304.713787, 28
1667114304.729393, 27
1667114304.744959, 27
1667114304.761508, 27
1667114304.777083, 28
1667114304.791828, 29
1667114304.807258, 28
1667114304.822799, 27
1667114304.839363, 27
1667114304.855034, 28
1667114304.871486, 28
1667114304.887068, 28
1667114304.902641, 27
1667114304.917746, 27
1667114304.932812, 28
1667114304.949323, 29
1667114304.964886, 30
1667114304.980488, 29
1667114304.996037, 29
1667114305.009856, 29
1667114305.022792, 28
1667114305.035986, 30
1667114305.050583, 29
1667114305.067650, 29
1667114305.081702, 28
1667114305.097283, 28
1667114305.112849, 29
1667114305.129294, 30
1667114305.142058, 29
1667114305.157673, 30
1667114305.173188, 31
1667114305.188331, 30
1667114305.203147, 30
1667114305.219454, 30
1667114305.235516, 29
1667114305.252084, 31
1667114305.268617, 30
1667114305.283229, 31
1667114305.298329, 30
1667114305.313387, 31
1667114305.328530, 30
1667114305.344034, 32
1667114305.358767, 33
1667114305.373781, 31
1667114305.389834, 30
1667114305.405830, 30
1667114305.420423, 31
1667114305.435007, 30
1667114305.449625, 31
1667114305.464835, 32
1667114305.480755, 31
1667114305.498317, 31
1667114305.514810, 32
1667114305.529399, 32
1667114305.544006, 33
1667114305.558683, 32
1667114305.574195, 34
1667114305.588308, 33
1667114305.602956, 32
1667114305.617569, 32
1667114305.632611, 33
1667114305.648157, 32
1667114305.662343, 33
1667114305.678384, 33
1667114305.691953, 32
1667114305.708054, 33
1667114305.722227, 33
1667114305.736775, 34
1667114305.750328, 35
1667114305.764562, 34
1667114305.780549, 32
1667114305.795109, 34
1667114305.810698, 33
1667114305.825341, 32
1667114305.839939, 33
1667114305.854569, 33
1667114305.869734, 34
1667114305.884686, 34
1667114305.899254, 35
1667114305.914864, 35
1667114305.929438, 36
1667114305.944065, 34
1667114305.958639, 36
1667114305.972290, 35
1667114305.984995, 34
1667114305.997098, 34
1667114306.009618, 35
1667114306.021653, 34
1667114306.033578, 34
1667114306.048172, 35
1667114306.062364, 35
1667114306.077508, 34
1667114306.092512, 33
1667114306.110142, 36
1667114306.122670, 37
1667114306.136765, 35
1667114306.151897, 36
1667114306.165944, 36
1667114306.180091, 37
1667114306.195128, 35
1667114306.210586, 36
1667114306.225861, 36
1667114306.240455, 36
1667114306.255526, 35
1667114306.269840, 36
1667114306.284704, 36
1667114306.300822, 35
1667114306.319311, 36
1667114306.334370, 38
1667114306.349527, 37
1667114306.364898, 37
1667114306.383876, 37
1667114306.398717, 36
1667114306.412410, 36
1667114306.425687, 36
1667114306.439335, 37
1667114306.453746, 37
1667114306.472384, 35
1667114306.485718, 36
1667114306.500887, 37
1667114306.516436, 38
1667114306.532477, 37
1667114306.549015, 38
1667114306.564539, 39
1667114306.580123, 38
1667114306.595669, 37
1667114306.612255, 37
1667114306.627813, 37
1667114306.643449, 36
1667114306.659557, 37
1667114306.675534, 37
1667114306.691068, 37
1667114306.706209, 37
1667114306.723180, 40
1667114306.738752, 39
1667114306.754329, 40
1667114306.770674, 40
1667114306.783069, 40
1667114306.798160, 39
1667114306.813715, 39
1667114306.829269, 38
1667114306.843879, 38
1667114306.858073, 37
1667114306.873635, 38
1667114306.891579, 38
1667114306.906174, 38
1667114306.921133, 39
1667114306.938314, 39
1667114306.954863, 40
1667114306.971129, 39
1667114306.983565, 40
1667114306.998650, 40
1667114307.014211, 39
1667114307.029762, 39
1667114307.044935, 40
1667114307.062341, 39
1667114307.074544, 40
1667114307.086812, 39
1667114307.098794, 39
1667114307.111120, 39
1667114307.124328, 38
1667114307.138878, 40
1667114307.153944, 40
1667114307.169536, 41
1667114307.184666, 40
1667114307.197946, 41
1667114307.210508, 41
1667114307.222787, 41
1667114307.235011, 41
1667114307.247142, 40
1667114307.259637, 40
1667114307.271813, 41
1667114307.286532, 41
1667114307.302248, 40
1667114307.316876, 40
1667114307.332431, 41
1667114307.347498, 40
1667114307.363579, 42
1667114307.378686, 41
1667114307.394279, 42
1667114307.410524, 41
1667114307.425142, 43
1667114307.439749, 42
1667114307.454305, 42
1667114307.468622, 42
1667114307.483040, 42
1667114307.497261, 42
1667114307.512711, 42
1667114307.527314, 42
1667114307.542446, 41
1667114307.557727, 41
1667114307.576050, 42
1667114307.593692, 43
1667114307.613007, 41
1667114307.628084, 43
1667114307.642149, 43
1667114307.659258, 43
1667114307.678256, 42
1667114307.693294, 43
1667114307.709328, 43
1667114307.722842, 41
1667114307.739038, 42
1667114307.752427, 42
1667114307.766299, 42
1667114307.780430, 43
1667114307.800912, 44
1667114307.818398, 43
1667114307.836874, 44
1667114307.853412, 44
1667114307.871924, 44
1667114307.885517, 44
1667114307.902089, 43
1667114307.921627, 44
1667114307.939073, 43
1667114307.955570, 43
1667114307.972625, 43
1667114307.988682, 44
1667114308.004771, 44
1667114308.021733, 44
1667114308.037348, 44
1667114308.052914, 44
1667114308.069443, 44
1667114308.084618, 45
1667114308.100614, 45
1667114308.116133, 45
1667114308.131727, 44
1667114308.147362, 44
1667114308.162876, 43
1667114308.178436, 45
1667114308.194004, 44
1667114308.210537, 44
1667114308.225213, 45
1667114308.240748, 45
1667114308.256377, 46
1667114308.271909, 46
1667114308.286545, 45
1667114308.302047, 45
1667114308.317651, 45
1667114308.332207, 46
1667114308.347785, 45
1667114308.362369, 45
1667114308.377981, 45
1667114308.393554, 46
1667114308.408116, 46
1667114308.422319, 45
1667114308.437533, 46
1667114308.456837, 46
1667114308.476694, 47
1667114308.490900, 47
1667114308.505511, 46
1667114308.520072, 47
1667114308.533701, 46
1667114308.549262, 46
1667114308.563834, 46
1667114308.579454, 45
1667114308.594013, 46
1667114308.608608, 47
1667114308.622902, 47
1667114308.637796, 47
1667114308.653584, 46
1667114308.667883, 46
1667114308.681850, 47
1667114308.695452, 46
1667114308.710493, 47
1667114308.723880, 48
1667114308.736982, 48
1667114308.749958, 48
1667114308.765477, 48
1667114308.780078, 48
1667114308.794689, 48
1667114308.811044, 49
1667114308.823410, 47
1667114308.841420, 47
1667114308.856613, 46
1667114308.871605, 47
1667114308.883873, 46
1667