 2
 2
 2
 2
 2
 2
 2
 2
 2
 2
 2
 2
 4
 7
10
12
21
41
35
35
35
35
17
19
19
20
10
10
10
12
13
13
13
14
15
15
16
16
16
17
18
18
19
20
10
10
10
10
10
10
11
12
12
12
12
13
13
13
14
 7
 7
 7
 8
 8
 8
 4
 4
 4
 4
 5
 6
 7
 7
 8
 9
 9
10
11
11
12
13
14
14
15
15
15
16
16
16
17
18
18
19
 9
 9
 9
11
12
12
13
13
14
15
16
16
17
18
 9
 9
 9
 9
 5
 5
 5
 6
 7
 7
 8
 8
 9
 9
 4
 5
 5
 5
 6
 6
 6
 6
 6
 6
 7
 8
 4
 4
 5
 6
 7
 7
 8
 8
 8
 8
 9
10
10
11
12
12
12
12
13
14
14
15
16
16
 8
 9
10
10
10
11
11
 5
 6
 7
 8
 8
 8
 9
10
10
11
 5
 5
 6
 7
 8
 8
 4
 4
 5
 6
 6
 6
 7
 7
 7
 8
 9
10
10
 5
 6
 7
 7
 7
 3
 4
 4
 4
 5
 6
 6
 7
 7
 7
 7
 8
 9
 9
 9
 4
 5
 5
 6
 7
 8
 8
 9
 4
 4
 5
 6
 6
 7
 7
 7
 3
 4
 5
 5
 5
 6
 6
 8
 8
 9
10
 5
 5
 6
 7
 7
 8
 9
 9
 9
10
 5
 5
 6
 6
 7
 7
 3
 4
 5
 5
 6
 7
 7
 7
 9
10
11
11
12
12
13
 6
 7
 7
 8
 9
10
10
11
 5
 6
 6
 3
 3
 3
 3
 4
 5
 5
 6
 3
 3
 4
 4
 4
 5
 6
 6
 7
 8
 9
 9
10
11
11
 5
 6
 6
 7
 8
 9
 4
 4
 5
 6
 7
 7
 8
 9
 9
10
11
11
12
13
13
14
15
15
16
 8
 8
 9
 9
10
11
12
12
13
14
14
15
15
16
17
18
18
 9
 9
 9
 9
 9
 4
 5
 5
 6
 6
 7
 7
 8
 9
10
11
11
 5
 6
 7
 8
 8
 8
 4
 4
 4
 6
 7
 8
 8
 8
 9
10
10
11
12
13
13
14
 7
 7
 7
 7
 8
 9
10
 5
 5
 6
 6
 7
 7
 8
 4
 4
 4
 6
 6
 7
 8
 8
 8
 9
 5
 5
 6
 6
 7
 7
 7
 7
 4
 4
 5
 6
 6
 3
 3
 4
 4
 5
 6
 6
 6
 6
 7
 7
 8
 9
10
10
11
12
13
13
14
15
15
16
16
 8
 8
 8
 8
 8
 8
 8
 8
 8
 8
 8
 8
 8
 8
 8
 8
 8
 8
 8
 8
 8
 8
 8
 8
 8
 8
 8
 8
 8
 8
 8
 8
 8
 8
 8
 8
 8
 8
 8
 8
 8
 8
 8
 8
 8
 8
 8
 8
 8
 8
 8
 8
 8
 8
 8
 8
 8
 8
 8
 8
 8
 8
 8
 8
 8
 8
 8
 8
 8
 8
 8
 8
 8
 8
 8
 8
 8
 8
 8
 8
 8
 8
 8
 8
 8
 8
 8
 8
 8
 8
 8
 8
 8
 8
 8
 8
 8
 8
 8
 8
 8
 8
 8
 8
 8
 8
 8
 8
 8
 8
 8
 8
 8
 8
 8
 8
 8
 8
 8
 8
 8
 8
 8
 8
 8
 8
 8
 8
 8
 8
 8
 8
 8
 8
 8
 8
 8
 8
 8
 8
 8
 8
 1
 2
 2
 3
 4
 4
 4
 2
 3
 4
 4
 4
 4
 4
 4
 4
 4
 4
 4
 4
 4
 4
 4
 4
 4
 4
 4
 4
 4
 4
 4
 4
 4
 4
 4
 4
 4
 4
 4
 4
 4
 4
 4
 4
 4
 4
 4
 4
 4
 4
 4
 4
 4
 4
 4
 4
 4
 4
 4
 4
 4
 4
 4
 4
 4
 4
 4
 4
 4
 4
 4
 4
 4
 4
 4
 4
 4
 4
 4
 4
 4
 4
 4
 4
 4
 4
 4
 4
 4
 4
 4
 4
 4
 4
 4
 4
 4
 4
 4
 4
 4
 4
 4
 4
 4
 4
 4
 4
 4
 4
 4
 4
 4
 4
 4
 4
 4
 4
 4
 4
 4
 4
 4
 4
 4
 4
 4
 4
 4
 4
 4
 4
 4
 4
 4
 4
 4
 4
 4
 4
 4
 4
 4
 4
 4
 4
 4
 4
 4
 4
 4
 4
 4
 4
 4
 4
 4
 4
 4
 4
 4
 4
 4
 4
 4
 4
 4
 4
 4
 4
 4
 4
 4
 4
 4
 4
 4
 4
 4
 4
 4
 4
 4
 4
 4
 4
 4
 4
 4
 4
 4
 4
 4
 4
 4
 4
 4
 4
 4
 4
 4
 4
 4
 4
 4
 4
 4
 4
 4
 4
 4
 4
 4
 4
 4
 4
 4
 4
 4
 4
 4
 4
 4
 4
 4
 4
 4
 4
 4
 4
 4
 4
 4
 4
 4
 4
 4
 4
 4
 4
 4
 4
 4
 4
 4
 4
 4
 4
 4
 4
